FramewiseDisplacement
9.670149999999999579e-02
1.645322999999999647e-01
1.590974500000000014e-01
1.004763999999999935e-01
1.310174500000000075e-01
8.874835000000000362e-02
1.202395500000000006e-01
1.274462500000000109e-01
2.465943000000000440e-01
2.747564249999999153e-01
6.905414050000000525e-01
1.608293799999999940e-01
4.709371500000000266e-01
1.126701499999999967e-01
7.829325000000000867e-02
2.440693400000000235e-01
1.675511900000000165e-01
8.240301000000001264e-02
7.344243000000000299e-02
1.114059700000000069e-01
5.432137000000002158e-02
6.560911399999999616e-02
1.267733659999999984e-01
1.329024000000000039e-01
5.954377499999999879e-01
2.090607000000000160e-01
1.317800835000000059e-01
1.118406865000000222e-01
6.741717999999999322e-02
2.796620000000002090e-02
8.606205000000001493e-02
1.983230000000000409e-02
1.533206000000000291e-01
1.266893000000000047e-01
1.012898999999999883e-01
1.463586500000000068e-01
1.118342499999999962e-01
1.979771499999999906e-01
1.119296999999999931e-01
5.558263999999998872e-02
6.450124000000000135e-02
6.119900000000008840e-03
8.356693999999999234e-02
1.361771900000000035e-01
1.143063200000000168e-01
8.740387000000000850e-02
1.117092299999999788e-01
1.550035300000000005e-01
1.252302249999999728e-01
9.448722999999999150e-02
4.726923000000000930e-02
9.206388499999999808e-02
6.680749999999999189e-02
7.792794999999998196e-02
1.102401000000000075e-01
9.563234999999997710e-02
1.624759999999999815e-01
5.854386000000000312e-02
6.552735599999999494e-02
2.884374399999998020e-02
4.644773000000002733e-02
5.149918000000001245e-02
8.452420999999998852e-02
2.170998999999999152e-02
5.929145000000000942e-02
1.397839699999999796e-01
6.051597000000000920e-02
7.047321000000002222e-02
3.069681999999999619e-02
1.190850599999999926e-01
1.330201399999999812e-01
2.913449999999997986e-02
9.629168000000003225e-02
4.975553999999998700e-02
1.413583599999999885e-01
5.863171999999999134e-02
1.083688069999999976e-01
6.865469699999998676e-02
9.011847999999998693e-02
7.967803000000001079e-02
7.121778899999998969e-02
1.038462520000000000e-01
1.145061739999999884e-01
4.051489399999999574e-02
6.563360099999999975e-02
8.516447799999998791e-02
7.587518299999997107e-02
9.521392199999997863e-02
6.496822299999999162e-02
1.381913010000000164e-01
1.124665969999999737e-01
1.641598299999999788e-01
1.626286810000000249e-01
1.717660689999999934e-01
2.211364080000000065e-01
1.289252180000000081e-01
1.883091539999999786e-01
2.310638509999999868e-01
1.329124909999999937e-01
9.405354700000001511e-02
8.299820199999999315e-02
9.603666299999998046e-02
1.453258520000000054e-01
1.004392129999999994e-01
9.377054900000002247e-02
6.626392800000001360e-02
7.926888299999999832e-02
5.837847700000000500e-02
6.742634600000001199e-02
3.274723000000000217e-02
9.834212200000000403e-02
1.031385199999999835e-01
8.665675500000000198e-02
5.695554699999999526e-02
1.027221000000000106e-01
8.480398999999999576e-02
4.668180000000001634e-02
9.534322000000000630e-02
1.864733200000000257e-01
1.413357329999999912e-01
4.700981299999998364e-02
1.456277000000000266e-01
1.930219200000000135e-01
1.426208999999999949e-01
1.245436999999999794e-01
1.677477999999999747e-01
6.226039999999999353e-02
1.241211000000000120e-01
9.162350000000001049e-02
1.444070000000001464e-02
4.808284999999998949e-02
9.603255000000000818e-02
1.484968900000000203e-01
1.320134400000000097e-01
1.531407999999999936e-01
2.132340000000000624e-02
1.137139000000000205e-01
4.424170000000000186e-02
2.252792999999999879e-01
1.835003500000000065e-01
1.808654549999999250e-01
1.912786150000000407e-01
8.261034000000000432e-02
1.298231999999999997e-01
1.823613999999999791e-01
6.973096499999999198e-02
6.088246500000000366e-02
7.568645000000001621e-02
1.342108999999999941e-01
2.090619499999999964e-01
2.170411469999999621e-01
1.629955969999999921e-01
1.750874000000000041e-01
3.275255500000000264e-02
9.752600000000001546e-02
1.014409800000000000e-01
9.715577999999996939e-02
1.576561449999999975e-01
1.547306499999999696e-01
1.092551999999999829e-01
1.046837999999999935e-01
9.659176550000000971e-02
1.377511154999999654e-01
1.286358499999999960e-01
8.481315000000000381e-02
1.358405000000000029e-01
1.839276000000000244e-01
6.667880000000001028e-02
5.743595000000000644e-02
5.017135000000002426e-02
7.284910000000002772e-02
1.683313000000000448e-01
1.314785499999999996e-01
7.572344999999999771e-02
7.115039999999997478e-02
1.360777999999999710e-01
1.110651499999999736e-01
4.775049999999995270e-02
1.765758999999999246e-01
1.594352999999999465e-01
2.537822999999999607e-01
1.467127000000000292e-01
1.115044499999999772e-01
9.178934999999999178e-02
6.720949999999993596e-02
1.396425500000000319e-01
1.645213769999999687e-01
1.000818000000000263e-01
7.706697699999999485e-02
8.475285000000001845e-02
