FramewiseDisplacement
1.050670000000000354e-01
1.039958499999999869e-01
6.718548199999994919e-02
6.186496799999995078e-02
8.811829000000007128e-02
1.163510900000000736e-01
8.034320000000005901e-02
5.456366999999997386e-02
9.872680499999994530e-02
1.040151299999999696e-01
7.562199500000008068e-02
7.832891999999999633e-02
8.231539999999995527e-02
6.470235999999998655e-02
1.135990700000000242e-01
1.607906200000000507e-01
7.143611600000000506e-01
1.990341999999999945e-01
1.510355000000000170e-01
2.790606600000000159e-01
3.969728599999999830e-01
2.156148999999999982e-01
1.672105600000000081e-01
1.056199030000000011e-01
5.782655300000001664e-02
5.680623000000000616e-02
1.272677559999999541e-01
1.594452279999999944e-01
1.762067659999999869e-01
8.166122000000002046e-02
5.594431999999997102e-02
6.057596999999999288e-02
9.576745999999997094e-02
8.202408999999999395e-02
4.688258900000000229e-01
1.370533599999999852e-01
1.278099799999999897e-01
9.483663000000000509e-02
1.333777004999999738e-01
1.496829719999999975e-01
6.492039349999999265e-02
1.139479984999999806e-01
3.928489000000000286e-02
5.777741000000000127e-02
3.737109999999999738e-02
3.133351999999997584e-02
6.600397000000000902e-02
2.246367000000000849e-02
4.914337999999999346e-02
7.674828999999998291e-02
1.596818275000000120e-01
1.148855090000000245e-01
1.049213999999999841e-01
9.458328499999998917e-02
1.629931450000000059e-01
9.209413999999999101e-02
9.217456400000000050e-02
9.243187600000001003e-02
1.585483900000000113e-01
1.449714099999999950e-01
4.146568499999999519e-02
7.897505100000000444e-02
4.830994599999999944e-02
4.655172100000000424e-02
1.026824709999999974e-01
7.153239999999999599e-02
8.943663000000000307e-02
7.043963000000000307e-02
7.018048000000001729e-02
4.807329000000000463e-02
5.839561999999999531e-02
8.154480000000000062e-02
2.841694999999999638e-01
1.628594999999999904e-01
1.516379900000000003e-01
1.090488200000000046e-01
1.159345799999999815e-01
1.669940349999999574e-01
6.252087000000000616e-02
4.832216000000000289e-02
7.488536499999999541e-02
7.120353499999999836e-02
8.025007600000000352e-02
7.654518600000001505e-02
6.074630500000000044e-02
1.151000299999999921e-01
1.180228700000000019e-01
1.388025100000000178e-01
1.095979100000000067e-01
6.935647499999998689e-02
8.141115000000000157e-02
7.309304000000001189e-02
7.445094500000000448e-02
1.439482850000000091e-01
1.090653319999999871e-01
6.696201999999999710e-02
6.993852999999999875e-02
1.019805399999999806e-01
1.190094349999999968e-01
2.490213999999999969e-02
6.751775499999999874e-02
4.778287999999999980e-02
4.550079499999999666e-02
8.438712700000000622e-02
9.976694899999999366e-02
9.215785199999999844e-02
1.414652049999999828e-01
1.333226400000000200e-01
8.933063999999998894e-02
5.200757499999999339e-02
1.156131770000000114e-01
1.355780230000000197e-01
6.841418099999999058e-02
6.348681000000000463e-02
7.758099899999999771e-02
7.881383200000000033e-02
8.079212199999999400e-02
6.197987200000000529e-02
6.527922800000000858e-02
3.975727999999999901e-02
6.633812099999999989e-02
1.322672709999999918e-01
1.412084549999999827e-01
7.637891999999998904e-02
8.375284499999999244e-02
1.099932799999999850e-01
1.088470799999999988e-01
7.133186499999999430e-02
2.138227649999999980e-01
1.271898399999999985e-01
1.703564899999999993e-01
1.035497940000000006e-01
1.045480339999999980e-01
5.079585000000001044e-02
7.367856700000000036e-02
7.249055699999998326e-02
7.825409999999999311e-02
7.478596999999999329e-02
7.173229999999999884e-02
5.274066000000000171e-02
1.142138050000000016e-01
1.022589750000000020e-01
5.907814999999999594e-02
1.260085650000000168e-01
2.983406000000000252e-02
3.717318949999999789e-01
1.938730399999999965e-01
3.169539899999999633e-01
8.025951500000000349e-02
9.940893500000000382e-02
1.245987899999999871e-01
8.910911999999998612e-02
8.149475999999999942e-02
5.791911200000000176e-02
7.392023799999999922e-02
8.710127500000000578e-02
6.283728000000002312e-02
1.135472499999999885e-01
1.130278549999999826e-01
5.621722999999998610e-02
7.253711000000000186e-02
7.588917000000001967e-02
1.833383900000000177e-01
1.605477050000000128e-01
8.232058500000000167e-02
1.546507100000000245e-01
7.872554999999999137e-02
1.513678999999999997e-01
9.275864999999999805e-02
1.567090600000000111e-01
7.505206000000000377e-02
8.826359999999999761e-02
6.876739999999999242e-02
5.257509999999999961e-02
8.041814999999999380e-02
6.233803499999998610e-02
5.419303500000000051e-02
7.851634999999998477e-02
1.072148000000000129e-01
4.227715000000000639e-02
9.555049999999996879e-02
5.950390000000000540e-02
1.041920499999999805e-01
9.227898900000000570e-02
9.931568900000001254e-02
4.524315000000001669e-02
7.042044999999999555e-02
7.227800000000000891e-02
1.238393299999999975e-01
1.160194800000000082e-01
1.996847499999999942e-01
3.855526000000000231e-01
1.860003999999999824e-01
4.923149999999999749e-02
8.220946300000002427e-02
8.822456300000001972e-02
6.641450000000001519e-02
5.839635000000001352e-02
6.710820000000000674e-02
5.470035000000000175e-02
1.601388900000000060e-01
9.513573999999999642e-02
4.806200000000000055e-02
1.703875499999999710e-01
1.418636500000000078e-01
6.845110000000000083e-02
8.555085000000001161e-02
8.945029999999999648e-02
