FramewiseDisplacement
2.135199500000000417e-01
9.260189999999998700e-02
9.030136000000003882e-02
9.031691000000001412e-02
1.185782800000000220e-01
4.683829999999999244e-02
6.835989999999997346e-02
1.554530000000000356e-01
4.713290000000001922e-02
9.053120000000003387e-02
1.708334000000000519e-01
1.043601000000000112e-01
1.480343999999999827e-01
3.740539999999997062e-02
1.081537000000000054e-01
8.073220000000004559e-02
8.979729999999999657e-02
1.746071999999999902e-01
1.136876000000000275e-01
2.453761000000000136e-01
1.357591700000000401e-01
8.178826999999996850e-02
4.677909999999998319e-02
9.872169999999995393e-02
9.115759999999997754e-02
1.099971000000000421e-01
1.010770000000000002e-01
6.603709999999998748e-02
4.710600000000000898e-02
1.730223000000000178e-01
1.789460700000000126e-01
9.566896999999999207e-02
1.590785999999999867e-01
2.511204999999999687e-01
9.078631999999998980e-02
2.352500100000000094e-01
1.591033400000000098e-01
7.481249000000000926e-02
1.665701800000000121e-01
1.736822799999999944e-01
9.937130000000002350e-02
8.432680000000000731e-02
1.118572779999999905e-01
1.307823879999999994e-01
8.959588000000000274e-02
4.182233000000000478e-02
3.560689999999999689e-02
9.274454000000001419e-02
9.397081000000000184e-02
7.161162999999999557e-02
2.026829600000000231e-01
2.447868000000000266e-01
8.731384999999999841e-02
8.568559999999998678e-02
1.394832000000000294e-01
8.247378600000002113e-02
8.085860000000000269e-02
7.378038600000001723e-02
1.346262850000000122e-01
1.941460750000000013e-01
1.273871599999999993e-01
3.425685999999997927e-02
1.263663599999999831e-01
8.411935000000000939e-02
1.091089499999999962e-01
6.396009999999997808e-02
8.126406000000001295e-02
1.839307099999999973e-01
1.145726000000000105e-01
9.852215999999999752e-02
7.670679999999996390e-02
2.356175999999998716e-02
7.412305000000002364e-02
9.848158999999999386e-02
1.123095399999999994e-01
8.663861999999998564e-02
5.480147999999999270e-02
8.134838999999997877e-02
3.345939999999999331e-02
9.238349499999999603e-02
9.068731499999999057e-02
9.264052999999999871e-02
8.577284000000000297e-02
1.193888499999999908e-01
1.686886000000000219e-01
1.907549500000000064e-01
8.463724999999999721e-02
2.806534699999999605e-01
2.290798700000000188e-01
2.242367582999999776e-01
5.663422570000000572e-02
1.085046390000000138e-01
8.702570000000001138e-02
1.265154850000000109e-01
1.403022250000000026e-01
3.977747899999999337e-01
4.780053949999999996e-01
2.059078000000000297e-01
1.701930000000000109e-01
1.569264999999999965e-01
6.776010999999999840e-02
4.144022999999999457e-02
1.576098399999999733e-01
1.400747400000000031e-01
7.613328999999999236e-02
5.128609499999998989e-02
1.401257964999999828e-01
1.352436685000000249e-01
7.345937999999999080e-02
1.499459900000000012e-01
7.184631100000002379e-02
8.625618899999999700e-02
1.553422000000000136e-01
1.614320499999999659e-01
1.605726999999999849e-01
6.257000000000000062e-02
6.676629999999998677e-02
1.236215999999999704e-01
9.272505000000000330e-02
1.272044499999999689e-01
9.465500000000001690e-02
2.064571759999999645e-01
2.638363440000000559e-01
2.587052699999999872e-01
1.402884799999999932e-01
1.344269849999999988e-01
7.935570499999999861e-02
1.166236499999999954e-01
8.903829000000000604e-02
1.799138799999999982e-01
4.604790999999999745e-02
1.270908099999999985e-01
1.609183549999999852e-01
1.665683649999999960e-01
1.272921600000000153e-01
1.470713100000000106e-01
1.037818599999999897e-01
1.457243749999999893e-01
1.666291349999999838e-01
8.619182000000001620e-02
1.247703800000000002e-01
2.292696999999999929e-01
2.302748650000000230e-01
1.046771149999999873e-01
1.497449099999999811e-01
1.512910699999999997e-01
1.375671499999999714e-01
2.547768499999999992e-01
1.431203500000000350e-01
1.197040500000000063e-01
6.743594999999999451e-02
1.515080999999999789e-01
7.828409999999999536e-02
2.835792599999999997e-01
2.293142600000000197e-01
6.472647000000000816e-02
9.029450999999999450e-02
8.748338000000001335e-02
1.341919000000000028e-01
3.491796000000000483e-02
1.698098399999999897e-01
2.209811500000000151e-01
1.165290600000000037e-01
1.561888399999999955e-01
4.744257450000000098e-01
5.008574449999999567e-01
2.911098500000000588e-01
2.660307900000000170e-01
1.737914399999999915e-01
1.497044499999999889e-01
9.241910000000001790e-02
8.121015000000000872e-02
6.781505000000000172e-02
8.698189999999998701e-02
6.237559999999998939e-02
2.188693999999999917e-01
2.865330500000000113e-01
2.696028500000000050e-01
4.020303500000000363e-01
6.995919999999999916e-02
1.425764000000000198e-01
3.716347999999999874e-01
3.150960999999999901e-01
4.249671099999999258e-01
2.490547899999999981e-01
7.277529999999998722e-02
1.152403999999999928e-01
4.918410000000000143e-02
1.578107999999999733e-01
1.540181000000000189e-01
