FramewiseDisplacement
1.768670531000000323e-01
1.918923499999999893e-01
1.145245999999999764e-01
2.392236999999999836e-01
1.104999000000000120e-01
1.444222500000000298e-01
6.455550000000000177e-02
9.191135000000000277e-02
7.140295000000002057e-02
1.021057999999999827e-01
1.313613000000000142e-01
4.595459999999999129e-02
1.355859499999999551e-01
1.085890500000000203e-01
2.131795200000000390e-01
1.053179799999999916e-01
1.694459199999999999e-01
3.660503000000002449e-02
1.729203200000000162e-01
2.195104200000000116e-01
6.167820000000000247e-02
1.571558449999999885e-01
1.506389049999999896e-01
7.956504999999999828e-02
1.557200899999999777e-01
2.157640899999999917e-01
1.169142999999999988e-01
8.725974999999999704e-02
1.486322700000000108e-01
1.733100700000000105e-01
5.851359999999997119e-02
1.086616000000000110e-01
1.497919000000000056e-01
1.684111999999999831e-01
1.875919500000000073e-01
1.194604500000000236e-01
1.129750499999999935e-01
5.594829999999999248e-02
8.446789999999999854e-02
1.026022000000000184e-01
1.151484499999999994e-01
1.871123000000000092e-01
2.295445500000000139e-01
9.120200000000000529e-02
1.846340000000000203e-01
5.214987999999999291e-01
3.414386999999999839e-01
1.053765999999999869e-01
1.792400499999999841e-01
1.057178000000000007e-01
1.123166500000000179e-01
1.174478499999999925e-01
1.052581300000000053e-01
1.796853299999999765e-01
7.327385000000002924e-02
3.201409000000000060e-01
2.970727539999999944e-01
1.706113039999999914e-01
2.152729000000000170e-01
7.024275000000000657e-02
7.397254999999998415e-02
1.009221500000000021e-01
5.985369999999999580e-02
2.299301500000000276e-01
2.464535000000000198e-01
1.069586599999999971e-01
8.987262999999999502e-02
7.835872999999998756e-02
7.432670999999999029e-02
3.883615999999999457e-02
1.159526200000000062e-01
9.711129999999998375e-02
5.546570000000000666e-02
1.771541800000000222e-01
1.376217799999999991e-01
5.081894999999999468e-02
8.729416499999999302e-02
1.529999449999999706e-01
8.721797000000001965e-02
1.015776500000000193e-01
1.468873100000000487e-01
2.658007499999999745e-01
1.846993600000000346e-01
2.077849135000000014e-01
1.898956384999999636e-01
1.405673550000000049e-01
1.793026699999999973e-01
2.573087199999999908e-01
2.529624999999999790e-01
1.364786699999999964e-01
7.737906999999999424e-02
1.319711199999999973e-01
8.224885000000001223e-02
3.439354000000000022e-02
8.464296000000000320e-02
1.831839699999999738e-01
2.060700129999999963e-01
1.125453219999999754e-01
1.983168500000000514e-02
1.291388800000000114e-01
9.814920000000000588e-02
8.521528399999998837e-02
1.204327839999999872e-01
2.385319300000000031e-01
1.799958150000000034e-01
2.070149249999999885e-01
6.201192999999998595e-02
9.664702000000000015e-02
1.983606749999999863e-01
1.234951500000000119e-01
8.901969999999999328e-02
4.097844114999999454e-01
9.751528150000000894e-02
1.333862699999999457e-01
1.330292349999999957e-01
4.714781000000000527e-02
1.138792649999999934e-01
1.036369499999999916e-01
4.469520500000000868e-02
1.980972900000000370e-01
2.644835600000000064e-01
3.050101849999999892e-01
4.659218499999999430e-02
1.157503799999999999e-01
2.701653900000000608e-01
7.071315000000001627e-02
1.866150900000000112e-01
1.434847899999999732e-01
1.120630500000000251e-01
1.789111900000000532e-01
7.626942000000000443e-02
6.743406750000001393e-02
5.650472649999999791e-02
8.781240900000002181e-02
1.353508150000000132e-01
1.301819999999999644e-01
8.343168999999998892e-02
1.016113400000000083e-01
1.059865400000000041e-01
1.889511100000000055e-01
1.857064125000000010e-01
3.003502975000000297e-01
1.403498699999999877e-01
8.070998000000000061e-02
1.833396249999999505e-01
9.192875999999998438e-02
8.060728999999999811e-02
1.254313049999999929e-01
7.988472500000001753e-02
2.172866799999999821e-01
1.201370400000000283e-01
1.822701199999999799e-01
1.467317049999999901e-01
1.413277549999999994e-01
3.066978854999999893e-01
2.207874094999999481e-01
1.248834300000000036e-01
1.054090050000000139e-01
2.511302750000000139e-01
1.567595000000000238e-01
1.516283850000000044e-01
1.594071499999999975e-01
9.813824499999998507e-02
1.096666390000000102e-01
1.061883000000000271e-01
1.119678689999999976e-01
6.547005000000001573e-02
1.805147500000000294e-01
2.031504500000000379e-01
1.122107500000000119e-01
2.812150000000001107e-02
1.735609499999999916e-01
2.612910999999999984e-01
1.623625399999999996e-01
2.242032400000000258e-01
1.373567520000000264e-01
2.643734869999999626e-01
1.710001739999999770e-01
3.066071109999999877e-01
1.882426499999999836e-01
2.737665450000000278e-01
1.282566400000000051e-01
1.493601639999999897e-01
9.227995150000001257e-02
6.242542049999995346e-02
1.240989065000000502e-01
1.638560865000000810e-01
7.964445499999998901e-02
2.330750999999999795e-01
1.150069150000000151e-01
