FramewiseDisplacement
1.206480000000000885e-01
1.674648000000000803e-01
9.132039999999987112e-02
6.083910000000002094e-02
1.105009799999998876e-01
1.630028800000000722e-01
7.718186000000000213e-01
7.090325508000000498e-01
2.807415991999999694e-01
4.171251500000000556e-01
3.827260000000000106e-01
2.598640499999997910e-01
4.408607499999999124e-01
2.529682999999999238e-01
1.925740500000000244e-01
9.468670000000008191e-02
6.829321499999999601e-01
6.602509999999999213e-01
4.732329999999999037e-01
4.287631999999999000e-01
6.030523899999999937e-01
5.598648399999998082e-01
5.789596299999999474e-01
1.502359999999999918e+00
9.387545000000000472e-01
8.067005999999999899e-01
4.455995999999999846e-01
3.871031000000000888e-01
7.198978999999998685e-01
6.662700000000000289e-01
1.410240999999999856e+00
3.553049999999999820e-01
5.786609000000000336e-01
3.497065999999999786e-01
1.160387000000000224e-01
1.005644299999999935e+00
4.195655999999999830e-01
3.284713000000000216e-01
2.161738800000000182e+00
1.590486350000000382e+00
1.891191099999999903e+00
1.181564150000000035e+00
6.477414999999999701e-01
1.366304999999999603e-01
2.474868000000000068e-01
1.167654099999999723e-01
1.139960899999999389e-01
1.115160999999999514e-01
1.239194000000000129e-01
7.754289999999995631e-02
2.159025000000000249e-01
2.640824999999999978e-01
1.796693999999999791e+00
3.028620000000000756e-01
7.324997900000000950e-01
4.843717099999998998e-01
3.093611499999999737e-01
3.251446399999999848e-01
2.813055400000000206e-01
2.271312500000000068e-01
2.454262999999999861e-01
4.438993000000000522e-01
3.600171000000000898e-01
1.915561000000000069e-01
1.606347850000000022e-01
2.171989149999999646e-01
6.901530000000002940e-02
1.588652000000000397e-01
8.311859999999998694e-02
1.009275899999999698e-01
7.782090999999999315e-02
5.902370999999999590e-01
4.486286000000000440e-01
1.778708999999999985e-01
2.328360000000000152e-01
1.706491999999999731e-01
1.176970500000000114e-01
1.810290999999999983e-01
1.235255000000000103e-01
1.118244500000000197e-01
1.133613000000000121e-01
5.054544000000001092e-02
6.093174500000000937e-02
8.251202500000000273e-02
5.294596999999999498e-02
5.926523999999999681e-02
9.235889999999999378e-02
5.087150000000001393e-02
5.200190000000000368e-02
9.304811000000001719e-02
3.705359100000000239e-01
6.251211999999997659e-02
1.098462800000000045e-01
7.656612000000000140e-02
1.691048780000000140e-01
1.074871679999999802e-01
5.343862600000000018e-01
3.063775499999999985e-01
4.598043000000000546e-01
2.008506999999999931e-01
9.374312500000001047e-02
8.422190999999998318e-02
9.586580000000011204e-03
5.732520500000001795e-02
5.386568999999999385e-02
1.441318200000000216e-01
1.475571899999999770e-01
1.278374800000000033e-01
1.071685639999999939e-01
2.354341460000000108e-01
1.925738499999999909e-01
2.646305999999999936e-01
9.229875000000001273e-02
5.632385000000000863e-02
5.542594999999999467e-02
1.265058000000000016e-01
1.285149200000000047e-01
9.554092000000000140e-02
1.609786500000000009e-01
7.326979999999998217e-02
3.426119999999999166e-02
1.512610000000000066e-01
8.609489999999997423e-02
1.445847999999999856e-01
2.272309999999999261e-02
9.515809999999996771e-02
2.049351999999999840e-01
1.864402499999999741e-01
2.177276499999999948e-01
9.141027500000000749e-01
2.867181000000000868e-01
4.857427099999999665e-01
2.290344599999999953e-01
1.609180999999999806e-01
9.866870000000001195e-02
1.753322500000000228e-01
9.281314999999999704e-02
1.128201900000000146e-01
2.976259000000002625e-02
1.229542700000000183e-01
8.593895000000000006e-02
8.806670000000001164e-02
1.113001500000000143e-01
5.834000000000000297e-02
1.522598649999999942e-01
1.573867650000000118e-01
1.293477000000000099e-01
2.253631999999999858e-01
1.578434999999999699e-01
7.225245000000000972e-02
2.359537500000000176e-01
1.141999500000000084e-01
1.412933000000000106e-01
1.101110500000000159e-01
4.595749999999999835e-02
8.184715000000002127e-02
7.088345000000001450e-02
1.038954999999999879e-01
8.576589999999999214e-02
1.785305000000000086e-01
8.131730000000000902e-02
1.645408499999999885e-01
4.726284999999999514e-02
1.267254999999999909e-01
1.012684463500000076e+00
1.236327865000000220e-01
4.412585000000000535e-01
2.554988749999999587e-01
1.251841750000000364e-01
1.363021549999999804e-01
1.321530100000000152e-01
1.311375150000000378e-01
1.465194000000000218e-01
1.329256500000000063e-01
9.333135000000000736e-02
4.769129999999999203e-02
9.690004999999995983e-02
1.370395999999999836e-01
1.878641999999999812e-01
1.324865500000000085e-01
6.969140000000001445e-02
1.113476499999999925e-01
1.325540499999999511e-01
5.349489000000000605e-01
1.209710499999999828e-01
4.085387100000000271e-01
1.305464899999999873e-01
1.426929499999999851e-01
1.148024500000000142e-01
8.304340000000000332e-02
