FramewiseDisplacement
4.139222759999993534e-02
1.157999915999999713e-01
9.021105999999995406e-02
1.411195600000000050e-01
9.528098000000001511e-02
6.915888000000003366e-02
9.715500000000000524e-02
9.115004999999996860e-02
5.053224999999999384e-02
6.642300000000000981e-02
3.727672000000002706e-02
3.524680999999998954e-02
9.182592999999994454e-02
8.818882000000002885e-02
7.448621999999996413e-02
1.724539899999999459e-01
7.604064000000000656e-02
1.206366699999999459e-01
1.311331299999999311e-01
1.072690199999999233e-01
1.062776799999999994e-01
6.087330999999999992e-02
1.452269999999999395e-01
1.713319999999999566e-01
9.605000000000005200e-02
7.026940000000005127e-02
9.658846000000004262e-02
8.130177000000000931e-02
4.199301999999999202e-02
6.867374899999996452e-02
1.018498289999999057e-01
3.645100999999994346e-02
7.421865000000001100e-02
1.087859499999999507e-01
9.165614999999997792e-02
7.383876000000001716e-02
1.467862299999999898e-01
1.384551000000000531e-01
7.838866999999997975e-02
1.084835699999999459e-01
2.037994999999999390e-01
1.471254399999999962e-01
7.850117999999998986e-02
4.660823000000001437e-02
6.532654999999999712e-02
6.972249999999999281e-02
7.310561999999999616e-02
2.941941000000003817e-02
8.401984000000005393e-02
5.678642000000004575e-02
6.235283000000002573e-02
6.543075000000003749e-02
9.563731000000003091e-02
1.470443400000000234e-01
1.915460000000000496e-01
8.173934000000002142e-02
3.536446000000000034e-02
3.396122999999999503e-02
9.817464000000003521e-02
1.085630999999999402e-01
1.045736699999999936e-01
1.294097000000000164e-01
8.085584999999999301e-02
1.048927500000000068e-01
2.001481499999999969e-01
1.614845000000000030e-01
7.203829999999998568e-02
8.246799999999999964e-02
1.975584000000000784e-01
5.542328999999997924e-02
3.319025000000001141e-02
4.407494000000000689e-02
7.741560000000002884e-02
1.378634999999999999e-01
9.687570000000002290e-02
3.144460000000000310e-02
6.524197000000002411e-02
7.290837000000000012e-02
9.035050000000000026e-02
1.455232500000000206e-01
1.348230499999999721e-01
1.024507499999999932e-01
1.619979149999999923e-01
2.344385349999999757e-01
2.238189600000000390e-01
1.453421699999999650e-01
5.246438000000000490e-02
9.075695000000000290e-02
8.159459999999998936e-02
1.065704900000000038e-01
6.736331000000000957e-02
1.284171999999999814e-01
7.512429999999997721e-02
8.230269999999999253e-02
5.681510000000000032e-02
1.164539500000000144e-01
9.950114999999998266e-02
1.427965699999999838e-01
1.222285399999999966e-01
4.864116500000000010e-02
4.769164000000000042e-02
2.955601700000000040e-02
1.101954369999999933e-01
1.015129349999999708e-01
7.014942899999999926e-02
1.111857900000000066e-01
2.481421150000000242e-01
7.467864000000000446e-02
1.068736249999999860e-01
5.351149499999999226e-02
4.351007399999999581e-02
6.698613400000000273e-02
8.078831000000000206e-02
7.542555000000000787e-02
8.316359850000000498e-02
1.471244834999999862e-01
8.251333899999999111e-02
8.132893400000000550e-02
8.802779000000000853e-02
5.446389999999999565e-02
9.344384999999999497e-02
3.857784899999999739e-01
4.580628999999999396e-01
3.133364000000000704e-01
1.079165500000000139e-01
1.374717500000000037e-01
1.059538700000000194e-01
1.322610099999999567e-01
3.659379999999998190e-02
7.688339999999999064e-02
5.056324000000000235e-02
1.067293500000000006e-01
1.434314500000000436e-01
1.284273499999999957e-01
6.874555000000000249e-02
1.098325499999999871e-01
9.338620000000005805e-02
1.230768500000000293e-01
1.586728000000000305e-01
1.362451000000000079e-01
6.528989999999999794e-02
5.167814000000001129e-02
8.434719000000001632e-02
1.300846499999999684e-01
8.872315999999999536e-02
1.182904600000000278e-01
5.860422500000000284e-02
6.407087499999998548e-02
1.679348599999999914e-01
8.170236000000001553e-02
1.036304999999999726e-01
6.904470000000000052e-02
7.540138999999998481e-02
1.218431049999999793e-01
6.309166499999997735e-02
7.948823999999998779e-02
1.440162300000000228e-01
9.686610700000000684e-02
8.249381299999998529e-02
7.965261499999999606e-02
7.327588000000007096e-02
7.192350900000001046e-02
6.130060600000002830e-02
1.713322079999999858e-01
9.767740249999996849e-02
7.012219549999998414e-02
1.130997200000000008e-01
1.614057999999999882e-01
1.772668999999999773e-01
9.933759999999997037e-02
1.512515499999999846e-01
1.429199999999999637e-01
5.686125000000002983e-02
1.626972000000000418e-01
6.062250000000003747e-02
5.065349999999999020e-02
7.987879300000000349e-02
1.714910570000000301e-01
1.843306500000000681e-01
1.834364000000000272e-01
7.041400499999998785e-02
1.079284949999999854e-01
9.699414999999997344e-02
8.951856500000002215e-02
1.111896150000000055e-01
8.026587000000001693e-02
7.788547999999999305e-02
1.532795100000000077e-01
1.857547800000000360e-01
9.831781999999998634e-02
1.827163900000000063e-01
3.165087000000004619e-02
1.335058599999999762e-01
3.429888000000005932e-02
6.941071000000002822e-02
9.746699999999999808e-02
3.887429999999997277e-02
6.217310000000001585e-02
6.650110000000002131e-02
1.012235499999999955e-01
1.329059500000000227e-01
9.527274999999998939e-02
9.360924999999999108e-02
1.872121999999999675e-01
2.210355999999999987e-01
1.919965499999999603e-01
1.149616999999999861e-01
1.719498500000000152e-01
