FramewiseDisplacement
1.290529999999995014e-01
1.126839999999999509e-01
1.703914999999997515e-01
1.352300000000001279e-01
8.803800000000004677e-02
6.406179999999996044e-02
1.279334999999998668e-01
1.969983000000000983e-01
2.232298000000000893e-01
1.818022999999999445e-01
1.196957999999999217e-01
1.476113000000003617e-01
2.065495000000002468e-01
1.960340000000000693e-01
1.666734499999997787e-01
3.867481500000002903e-01
4.628771499999998484e-01
2.376417100000000060e-01
3.766215349999998963e-01
1.548777199999999965e-01
3.169300000000013773e-02
1.382012449999998616e-01
1.159717200000001947e-01
9.254641500000003462e-02
6.261271050000005722e-02
1.503475345000000740e-01
1.621333500000002037e-01
1.260389500000002605e-01
8.301989999999993819e-02
1.204711499999999158e-01
1.530453999999997761e-01
1.096415999999997420e-01
2.030266499999999752e-01
2.147537000000001028e-01
3.012934499999999627e-01
1.267443500000000167e+00
1.654863500000000875e-01
5.440056499999997852e-01
9.162998999999999450e-01
1.403835000000001332e-01
1.907518999999998632e-01
1.493555999999997275e-01
1.428273000000002124e-01
8.657749999999987678e-02
1.759955000000001102e-01
1.253831500000001098e-01
1.359080000000002231e-01
1.297441000000003064e-01
3.030195000000002192e-01
1.510132999999999337e-01
2.307594349999999850e-01
2.314755350000000655e-01
2.441648499999999888e-01
1.685366499999999268e-01
1.191509950000000151e+00
4.620474999999999444e-01
1.669740000000000668e-01
7.377338999999998315e-01
2.528764000000000012e-01
1.365703499999998960e-01
1.604365500000000111e-01
5.026245000000008345e-02
9.908914999999993145e-02
1.220540500000001083e-01
1.077450000000001046e-01
5.713954999999987239e-02
1.294413499999999273e-01
1.168203500000001005e-01
1.480009499999998535e-01
1.247805500000000595e-01
1.244254500000000901e-01
1.001221500000001458e-01
1.911657400000000173e+00
1.427719600000000311e+00
1.428821800000000142e+00
4.414074500000000345e-01
2.004357849999999885e+00
3.745503599999999711e-01
3.624543000000000070e-01
4.630653250000000276e-01
1.707957950000000003e-01
6.804598500000001715e-02
1.406076249999999861e-01
3.402118799999999665e-01
1.176015149999999898e-01
1.301155339999999772e-01
8.285085099999998925e-02
1.001138250000000174e-01
1.467991300000000277e-01
1.459953350000000039e-01
4.861636200000000185e-01
3.097308699999999915e-01
2.262455750000000043e-01
3.029438249999999999e-01
1.633886949999999727e-01
1.209673349999999953e-01
1.075233200000000194e-01
1.376067049999999681e-01
9.027834999999999332e-02
1.348890499999999826e-01
2.018535700000000099e-01
1.855037700000000123e-01
1.789605199999999841e-01
9.343192500000001288e-02
1.558080349999999836e-01
1.536206499999999975e-01
1.909869000000000150e-01
1.461728999999999945e-01
1.366443850000000348e-01
1.651457849999999894e-01
3.573648349999999918e-01
1.579836000000000018e-01
2.198234000000000021e-01
3.059644200000000147e-01
3.472658399999999923e-01
1.413943899999999809e-01
1.088226099999999724e-01
7.727628599999998571e-02
6.626755600000000523e-02
1.143575349999999824e-01
1.749416050000000555e-01
1.580736500000000100e-01
1.192742975000000011e-01
8.299925750000000657e-02
9.208493999999999013e-02
4.141676000000000385e-02
9.495580000000000687e-02
3.236291000000000584e-01
4.609476299999999971e-01
9.906157000000000157e-02
4.532635999999999887e-01
2.414955000000000573e-01
2.821789000000000103e-01
1.630473350000000154e-01
1.230583350000000187e-01
7.742424999999998614e-02
5.967809999999998394e-02
1.048884499999999942e-01
1.298450999999999911e-01
1.561343450000000077e-01
1.236412449999999830e-01
5.450189999999997814e-02
3.980919999999996822e-02
9.362671299999997254e-02
1.063979630000000121e-01
6.072649999999998882e-02
8.893804999999999072e-02
1.530721000000000165e-01
1.052722000000000241e-01
8.273774999999998492e-02
8.441650000000000542e-02
1.547222000000000319e-01
8.931229500000001376e-02
9.837645500000001542e-02
7.309079999999995580e-02
5.273604999999995102e-02
1.080218500000000165e-01
1.198784500000000114e-01
7.209405000000000674e-02
1.008091499999999585e-01
5.836105000000001153e-02
3.593945000000004636e-02
1.188927499999999776e-01
2.013815350000000004e-01
3.871704350000000350e-01
2.006998500000000130e-01
2.730477999999999517e-01
2.746175000000000144e-01
1.308255400000000179e-01
5.969129000000002183e-02
1.375865999999999756e-01
1.626575500000000118e-01
2.250060999999999867e-01
1.665306400000000076e-01
7.926224849999996547e-02
9.664406150000001694e-02
9.129195499999998020e-02
1.663876550000000232e-01
1.721867499999999718e-01
9.784925000000002648e-02
1.123833950000000526e-01
1.179803450000000004e-01
1.890398950000000411e-01
3.303163000000000071e-01
1.253226950000000672e-01
9.654778999999996669e-02
6.399644400000001343e-02
9.503784499999999580e-02
1.662119950000000290e-01
1.288832540000000026e-01
