FramewiseDisplacement
1.192843499999999973e-01
7.121185000000000709e-02
8.897785000000001110e-02
1.299959999999999727e-01
1.729424999999999990e-01
1.204428500000000041e-01
6.696804999999997343e-02
9.874870000000000869e-02
2.013106000000000062e-01
1.805041500000000021e-01
1.187503499999999768e-01
9.538279999999998982e-02
5.482265000000002136e-02
4.252345000000001124e-02
1.107898499999999953e-01
1.734424499999999147e-01
7.954885000000001816e-02
9.318200000000001482e-02
9.542404999999999637e-02
1.702850000000000197e-01
1.512662999999999924e-01
9.489989999999998149e-02
1.122043999999999681e-01
1.230680999999999720e-01
9.667435000000004774e-02
1.401168499999999872e-01
1.750594000000000039e-01
3.395049999999998069e-02
2.324189999999999590e-01
1.986737499999999546e-01
1.173014000000000001e-01
1.167846500000000315e-01
1.066883500000000151e-01
9.880459999999997855e-02
4.156084999999998947e-02
1.199226500000000195e-01
1.196074999999999777e-01
1.124211499999999697e-01
2.413480000000000486e-02
1.009949999999999043e-02
5.426144999999995416e-02
3.583385000000003512e-02
7.705084499999997893e-02
7.018824500000001021e-02
8.625084500000000653e-02
9.421549500000001021e-02
1.135109450000000020e-01
8.581864499999999896e-02
8.879484499999998337e-02
8.710974499999998844e-02
1.120947500000000485e-01
1.019703000000000415e-01
1.295775000000000399e-01
1.302864999999999995e-01
2.149550500000000364e-01
8.210489999999998068e-02
2.403657499999999614e-01
2.544893500000000031e-01
1.210756799999999633e-01
8.329356999999998346e-02
7.048865999999999465e-02
6.156210999999998934e-02
6.027613500000003621e-02
7.521908499999999109e-02
1.294787500000000036e-01
1.843147699999999889e-01
1.203248635000000177e-01
8.384841649999996704e-02
1.284640850000000056e-01
1.267867649999999680e-01
1.295637999999999790e-01
8.282969999999999222e-02
1.078898999999999553e-01
1.816241999999999579e-01
1.960820499999999800e-01
1.946172499999999639e-01
1.268687499999999468e-01
1.568895050000000124e-01
1.438393049999999729e-01
1.188772154999999942e-01
1.663775450000001127e-02
9.297561499999998369e-02
1.331270149999999874e-01
8.780957500000000082e-02
5.873557499999999820e-02
7.114150499999999377e-02
1.041343049999999965e-01
8.179185334999999890e-02
1.472807533499999877e-01
1.189993349999999700e-01
1.157164449999999872e-01
8.702057500000004442e-02
3.251524549999999514e-01
3.323673450000000362e-01
3.628617900000000174e-01
3.884875849999999686e-01
4.333611999999999465e-01
1.598122699999999785e-01
1.312594300000000103e-01
1.396204999999999252e-01
1.234409249999999930e-01
2.149017250000000712e-01
1.470983499999999611e-01
9.453650000000000941e-02
5.779890000000004191e-02
1.058125000000000454e-01
2.221293500000000032e-01
1.883980599999999506e-01
1.062745099999999471e-01
2.093270000000000408e-01
2.465483000000000258e-01
1.893199500000000146e-01
5.034956000000000431e-01
3.091968499999999676e-01
2.196559500000000165e-01
2.210815000000000419e-01
3.243707000000000118e-01
5.682999999999994306e-02
5.074473579999999595e-01
9.754040800000003675e-02
1.788905000000000356e-01
1.574238999999999500e-01
1.950042999999999638e-01
1.819606500000000016e-01
1.398401999999999978e-01
8.103764999999994723e-02
1.900040149999999706e-01
2.333850499999999828e-01
1.294755149999999577e-01
9.367468499999996590e-02
5.520062999999999359e-02
6.450766499999995018e-02
1.137227949999999876e-01
5.661849500000002561e-02
6.899104999999998433e-02
8.658167999999998032e-02
1.012493400000000071e-01
1.228017550000000124e-01
1.077968095000000071e-01
6.353636450000003932e-02
1.065157500000000201e-01
1.590652750000000060e-01
1.200434250000000092e-01
2.024699600000000044e-01
8.200046000000002500e-02
9.106146000000002461e-02
1.275001399999999840e-01
1.093744999999999995e-01
6.168444999999998790e-02
1.210362500000000119e-01
1.370499000000000300e-01
5.253389500000003182e-02
5.095928500000000694e-02
8.173591999999998969e-02
1.459037669999999620e-01
1.174398169999999880e-01
7.583162999999995546e-02
1.327269199999999427e-01
2.053317999999999532e-01
3.300267100000000009e-01
2.421599100000000060e-01
1.134089500000000500e-01
3.927533999999999886e-02
4.148736000000000090e-02
1.336101499999999831e-01
1.083102999999999566e-01
1.156476000000000309e-01
8.341209499999999166e-02
1.271702449999999873e-01
1.188434499999999894e-01
3.367133999999998850e-01
1.495519499999999335e-01
1.862986000000000641e-01
7.228764999999998109e-02
9.372544999999994630e-02
8.653850000000005982e-02
9.377920000000003475e-02
1.069823500000000177e-01
5.229690000000000727e-02
8.801829999999999377e-02
6.536140000000004169e-02
3.615965000000001539e-02
9.115800000000000292e-02
1.286568899999999960e-01
7.459697000000002631e-02
7.935305000000002218e-02
1.822192100000000203e-01
1.384967000000000281e-01
1.399592000000000058e-01
1.412859500000000212e-01
