FramewiseDisplacement
6.737350000000007222e-02
1.561756200000000427e-01
1.901458060000000838e-01
9.979965599999998660e-02
1.619938000000000489e-01
3.530606800000000156e-01
1.169971900000000564e-01
1.448618500000000975e-01
1.350894100000000209e-01
1.839605500000000560e-01
3.431778499999999510e-01
1.674875579999999808e-01
2.411084420000000061e-01
2.072677999999999743e-01
9.676015000000001698e-02
5.381530000000002423e-02
1.358857700000000446e-01
8.101297000000000359e-02
1.407742000000000437e-01
2.416574500000000236e-01
4.998520500000000477e-01
2.848650000000000349e-01
1.009159500000000459e-01
2.625270499999999840e-01
2.241975499999999955e-01
1.184832000000000107e-01
1.129384999999999972e-01
9.245911150000001022e-02
8.663203800000002230e-02
7.468653799999999676e-02
8.519057150000000633e-02
4.563125999999999988e-02
6.059335999999998501e-02
1.048405899999999974e-01
1.601828915000000075e-01
7.898822149999996933e-02
3.765658150000001508e-02
1.040136835000000093e-01
8.180405500000001440e-02
1.139516885000000229e-01
8.932989850000001841e-02
8.868483999999995926e-02
7.663715000000000110e-02
1.702681599999999740e-01
1.211723599999999929e-01
7.661766499999998759e-02
7.476778200000000485e-02
4.441479799999997757e-02
9.281229499999998911e-02
8.586492000000002511e-02
1.286705700000000119e-01
8.717294999999999905e-02
5.525568000000001534e-02
2.309178700000000251e-01
2.064264499999999836e-01
7.716045500000001667e-02
1.163527054999999866e-01
1.089632604999999921e-01
1.325986999999999860e-01
1.577224500000000140e-01
1.768892299999999529e-01
4.706409999999999066e-02
9.988716999999996959e-02
8.030814000000000008e-02
9.444177000000000821e-02
2.556579000000000143e-02
1.459186899999999898e-01
1.243824199999999935e-01
7.987133000000000427e-02
1.009779800000000088e-01
1.191352800000000101e-01
1.320728681000000182e-01
7.968779810000001240e-02
3.943373000000000017e-02
4.054072999999999705e-02
5.915029000000000120e-02
1.022907300000000103e-01
8.207307999999999271e-02
1.043526699999999946e-01
2.338207000000000826e-02
4.965500999999998555e-02
8.887633999999999812e-02
6.972982000000001179e-02
4.539727799999999924e-02
5.936657299999998499e-02
1.145983689999999777e-01
6.878388400000000347e-02
4.793538599999998956e-02
3.315633700000000239e-01
3.259295899999999913e-01
1.296682600000000074e-01
8.462565000000001059e-02
8.474914999999999532e-02
1.786882199999999810e-01
1.238522555000000080e-01
6.672932500000000600e-02
7.599622100000000269e-02
1.574282409999999965e-01
1.536961300000000141e-01
1.225217295000000095e-01
7.408035949999999814e-02
1.167928400000000089e-01
1.606835105000000152e-01
1.387313799999999875e-01
8.830977999999999051e-02
1.094186500000000062e-01
6.041026000000000729e-02
7.525366999999999473e-02
1.411378199999999972e-01
8.701900000000001301e-02
6.617645500000002290e-02
1.693818950000000045e-01
3.273234250000000012e-01
2.872524435000000098e-01
1.857071634999999943e-01
1.452793499999999738e-01
1.182970150000000192e-01
4.575946999999999654e-02
6.902652999999998873e-02
5.890555000000000790e-02
5.850949999999999901e-02
7.609024999999997041e-02
7.915620000000003764e-02
6.649565000000001724e-02
7.582795000000000507e-02
1.411508150000000128e-01
6.130129999999997525e-02
7.822131999999999696e-02
8.003960000000000241e-02
7.297240999999994593e-02
8.767918500000002058e-02
1.432667199999999863e-01
1.183872299999999961e-01
6.731600000000002859e-02
5.361066999999995059e-02
8.335867000000000970e-02
4.536445000000000061e-02
4.956364999999999382e-02
6.250674999999999981e-02
6.698582000000000147e-02
1.549803800000000564e-01
1.681225499999999817e-01
3.870732499999999798e-01
5.271991000000000316e-01
2.096335499999999741e-01
1.008878999999999748e-01
1.153421500000000322e-01
7.589799999999997937e-02
1.191440000000000554e-01
1.154663000000000078e-01
1.030643799999999832e-01
7.369364999999999943e-02
5.731015999999999888e-02
1.295803599999999778e-01
1.177685099999999790e-01
8.450727000000006484e-02
9.055814000000006470e-02
1.179866999999999999e-01
6.465002000000003024e-02
6.605180000000000773e-02
1.457800399999999996e-01
2.082265000000000088e-01
1.750487699999999647e-01
1.225530199999999431e-01
8.608889999999996823e-02
9.698485000000001133e-02
1.578799499999999911e-01
9.160899000000002901e-02
1.502311400000000685e-01
1.132512999999999853e-01
3.947605999999996562e-02
9.942061000000000648e-02
7.425994000000007977e-02
1.057032100000000752e-01
1.819620000000000126e-01
1.355674000000000601e-01
6.096220000000002193e-02
6.729909999999994508e-02
8.011355000000004722e-02
9.451260000000000217e-02
8.296069999999997058e-02
1.001591500000000579e-01
2.397282500000000316e-01
1.658278000000000252e-01
1.641988999999999810e-01
7.298889999999998157e-02
9.116184999999998873e-02
6.904944500000005647e-02
1.213031449999999317e-01
1.026894999999999752e-01
