FramewiseDisplacement
5.497390899999995278e-02
1.591000290000000039e-01
9.512609999999999122e-02
1.528111500000000067e-01
5.661224999999998897e-02
5.786655000000000271e-02
1.065423999999999816e-01
9.466949999999998977e-02
1.248345500000000163e-01
7.512900000000000134e-02
9.175764999999996840e-02
1.370722999999999525e-01
5.495604999999999934e-02
3.813630000000000492e-02
1.178855000000000458e-01
6.211600000000000454e-02
1.352541999999999911e-01
1.188083999999999946e-01
2.296036000000000465e-01
9.943065000000000930e-02
1.512105999999999728e-01
1.208094700000000299e-01
1.030556799999999829e-01
6.199865000000000237e-02
1.077178500000000039e-01
9.264919999999998712e-02
1.053246500000000196e-01
1.357701499999999784e-01
1.002937499999999871e-01
3.930600000000000760e-02
1.076348499999999625e-01
5.264989999999997172e-02
7.317664999999999587e-02
5.371042999999997569e-02
1.621370199999999928e-01
2.089569499999999747e-01
4.346555000000001251e-02
5.361320000000001362e-02
1.818377000000000188e-01
8.797560000000001490e-02
2.906570000000001722e-02
1.564448499999999964e-01
1.201444999999999458e-01
6.162905000000001854e-02
2.989955000000001084e-02
5.253589999999996873e-02
1.160438499999999901e-01
5.055859999999999521e-02
6.856325000000002001e-02
7.576660000000000339e-02
1.072700500000000057e-01
1.375132999999999772e-01
4.083260000000000361e-02
1.265705999999999776e-01
7.681615000000001359e-02
7.384144999999997516e-02
1.715621599999999913e-01
1.021700100000000194e-01
5.995789999999998759e-02
1.769459999999999922e-01
1.362161500000000081e-01
1.631967000000000279e-01
4.220834999999999171e-02
6.305754999999999000e-02
8.947599999999999998e-02
8.949756000000000378e-02
3.150867999999998337e-02
5.022961000000000786e-02
1.587075749999999896e-01
1.135560839999999877e-01
1.471063989999999710e-01
1.693473099999999454e-01
1.086959000000000120e-01
9.304940000000001821e-02
3.115585000000002311e-02
9.161060000000000036e-02
3.466689999999998661e-02
8.998870000000001868e-02
7.818650000000001987e-02
7.899155000000002147e-02
7.849035000000001427e-02
7.312444999999999362e-02
9.649324999999998875e-02
4.327235000000000109e-02
6.865777000000000685e-02
2.564925000000000122e-01
9.945267999999998776e-02
5.049156999999999257e-02
9.247837999999999892e-02
1.027773999999999771e-01
9.255953999999999571e-02
1.157887600000000183e-01
6.213846000000000647e-02
4.672879999999998701e-02
1.621852500000000030e-01
5.955548200000000680e-02
6.996842199999998846e-02
5.279019000000001460e-02
1.016631399999999991e-01
1.322972299999999879e-01
1.442429900000000154e-01
2.196179350000000141e-01
1.937398250000000044e-01
1.199240749999999911e-01
1.550457450000000126e-01
3.883129999999999915e-02
1.477899969999999785e-01
1.286466730000000169e-01
1.256654849999999934e-01
8.453671999999999576e-02
5.788709499999999258e-02
4.969582000000000166e-02
1.151140900000000022e-01
1.247647700000000109e-01
6.909974500000000408e-02
1.134433750000000130e-01
9.367071000000000425e-02
7.826803599999999916e-02
7.634977400000000913e-02
7.222091199999999822e-02
3.625387799999999633e-02
7.586394000000000470e-02
6.070962999999999360e-02
9.476314999999999045e-02
9.600284200000000490e-02
3.428791800000000056e-02
1.971413000000000332e-02
5.062497999999999998e-02
3.456262999999999697e-02
6.311194999999999999e-02
9.983670000000001432e-02
9.678699000000000330e-02
7.942509000000000374e-02
9.939060329999999110e-02
6.689569829999998662e-02
4.610955499999999652e-02
5.379620000000001623e-02
3.503635000000000776e-02
3.808705000000000424e-02
1.896940000000001125e-02
5.278610000000000940e-02
9.393981000000001247e-02
1.245915600000000178e-01
6.574309999999999876e-02
7.991849999999998955e-02
7.062794999999999490e-02
6.875760000000000205e-02
3.863285000000000330e-02
3.680438999999998545e-02
5.743679000000001533e-02
8.505224999999998203e-02
5.110610999999999626e-02
6.071065999999999963e-02
4.814596999999999627e-02
5.862741999999999259e-02
7.673750000000000016e-02
1.692367869999999719e-01
1.848042429999999792e-01
7.630127999999998523e-02
7.686359999999999026e-02
6.584869999999999612e-02
3.111095000000000527e-02
2.759724999999999678e-02
9.080372999999999917e-02
9.014555999999999958e-02
4.971733999999999182e-02
4.637770000000000781e-02
1.211371400000000043e-01
3.277267899999999901e-01
3.188576999999999662e-01
1.313307500000000239e-01
1.604138240000000104e-01
5.614193399999999057e-02
1.084355299999999883e-01
1.092700100000000146e-01
1.007467299999999927e-01
1.245788700000000082e-01
3.605826000000001558e-02
9.653470000000001494e-02
6.411470000000001057e-02
1.192515999999999993e-01
1.129175299999999882e-01
3.104420000000000096e-02
5.419986999999998334e-02
8.348020999999998526e-02
6.100461999999998858e-02
9.988821999999999979e-02
5.980857000000001228e-02
4.142513000000000445e-02
5.482441000000001091e-02
5.463121000000002725e-02
3.687035999999999786e-02
2.506269000000000552e-02
4.198303000000001145e-02
8.807743999999999296e-02
2.159135100000000307e-01
1.321996449800000029e-01
8.165437497999999961e-02
1.482838400000000001e-01
1.089912300000000223e-01
8.619836000000001552e-02
4.603225000000001066e-02
9.390129000000004000e-02
7.047282000000003321e-02
9.730334999999998291e-02
2.792555000000000384e-02
1.478924250000000218e-01
6.151995099999999633e-02
