FramewiseDisplacement
1.194807500000001216e-01
1.464355499999998866e-01
7.463090999999992536e-02
1.309284900000000085e-01
1.519147000000000414e-01
9.882225000000000037e-02
1.284343499999998917e-01
3.453096000000001053e-01
2.269973500000000144e-01
3.667385499999998855e-01
2.233064500000001840e-01
1.439656499999999728e-01
2.993024000000000240e-01
3.125979999999999870e-01
2.688059999999999339e-01
1.488675000000001525e-01
6.543525000000000036e-01
2.626555000000000972e-01
5.180169500000002536e-01
1.915060500000000387e-01
2.108134000000000396e-01
1.117046999999998791e-01
2.623517000000001320e-01
6.256390000000013052e-02
1.939763999999999378e-01
1.625360999999999057e-01
3.218931999999999904e-01
2.609379999999999478e-01
9.600492000000000470e-01
4.847353999999999274e-01
3.594326000000000465e-01
2.636766999999999861e-01
1.865432499999999938e-01
1.213971999999999274e-01
4.044474499999999861e-01
4.016321000000000474e-01
1.984010999999999414e-01
1.330525999999999098e-01
1.381746000000000085e-01
2.553276999999999908e-01
5.306510000000001781e-02
1.096592500000000137e-01
6.646444999999999437e-02
7.668342000000000214e-02
4.031308000000001501e-02
8.392473999999996992e-02
2.370649999999998106e-02
7.269200000000002049e-02
7.437475000000004499e-02
4.585564999999996311e-02
5.779954999999999121e-02
5.585690899999999903e-01
2.623307400000000067e-01
1.584647500000000153e-01
1.321414999999999951e-01
1.615697650000000041e-01
1.649256949999999833e-01
4.040473300000000378e-01
1.927863500000000230e-01
1.823189500000000351e-01
1.550420000000000131e-01
1.623189100000000107e-01
9.871666000000002550e-02
8.993268999999999569e-02
9.319394000000001677e-02
1.161464500000000122e-01
5.585793000000000008e-02
1.542407199999999978e-01
2.049248999999999932e-01
6.410443599999998687e-01
8.306904600000000194e-01
1.757963000000000164e-01
1.567137050000000087e-01
3.467848050000000293e-01
3.176000999999999408e-01
6.207589999999999636e-02
1.524008725000000064e-01
2.167860325000000032e-01
1.265802500000000053e-01
4.300342000000000053e-02
4.676099999999999701e-02
1.344219600000000070e-01
9.426989999999998981e-02
3.163714400000000038e-01
5.277467000000000269e-02
8.827311999999999659e-02
2.136637850000000227e-01
7.252677999999999903e-02
1.038771299999999981e-01
6.714118499999999212e-02
7.523711499999999330e-02
1.178101950000000064e-01
1.990255899999999745e-01
1.310735500000000109e-01
2.306291879999999850e-01
5.058912099999999384e-02
5.533462100000000050e-02
6.257789999999999186e-02
6.775932000000001176e-02
1.328891799999999679e-01
2.124510499999999746e-01
1.234632999999999980e-01
5.345088499999999243e-01
2.950598499999999569e-01
6.763980000000002768e-02
1.488754499999999925e-01
1.079999199999999715e-01
2.071597100000000247e-01
1.899557600000000568e-01
1.188484199999999547e-01
1.497039899999999257e-01
1.108853900000000003e-01
1.646228299999999978e-01
1.182054999999999911e-01
8.711620000000003250e-02
9.370840000000002501e-02
1.411957000000000351e-01
1.468035000000000034e-01
6.758199999999997543e-02
8.981914999999997262e-02
1.222157999999999856e-01
1.221754000000000173e-01
7.374360000000004800e-02
1.903915000000000191e-01
1.478819499999999842e-01
6.866949999999999443e-02
2.924930849999999860e-01
1.757295650000000042e-01
1.658000000000000307e-01
1.610173999999999217e-01
8.996209999999996154e-02
6.120279999999998777e-02
1.340450999999999449e-01
6.183389500000000538e-01
7.860468999999999928e-01
1.064400299999999966e+00
2.703434000000000115e-01
2.676790000000000003e-01
1.335333999999999965e-01
2.222172500000000328e-01
1.371515599999999779e-01
1.739347900000000058e-01
1.194214999999999582e-01
1.684965999999999964e-01
1.797708999999999835e-01
1.116398999999999586e-01
1.581840999999999664e-01
3.913445500000000132e-01
8.041535400000000555e-01
2.280280900000000166e-01
2.850976300000000463e-01
1.421770999999999729e-01
1.958163500000000001e-01
1.264329999999999621e-01
9.474419999999997288e-02
9.557849999999998292e-02
1.520132000000000150e-01
1.166782999999999848e-01
6.605074999999997754e-02
2.071916000000000313e-01
4.249924999999999953e-01
1.414669500000000080e-01
4.382952000000000514e-01
2.524456000000000477e-01
3.341548000000000296e-01
2.692148999999999792e-01
4.694122000000000017e-01
8.104419999999995516e-02
2.996142000000000527e-01
3.950978000000000545e-01
8.830346000000000029e-01
7.083710500000000021e-01
8.741249999999994857e-02
1.982391999999999765e-01
1.225971000000000144e-01
2.067916500000000213e-01
1.551781500000000702e-01
7.242549999999997601e-02
1.165130000000000193e-01
2.215677000000000063e-01
1.195114999999999789e-01
5.099840000000002704e-02
8.534299999999996056e-02
2.374617499999999992e-01
2.512863499999999917e-01
3.996199999999999752e-02
4.605349999999994171e-02
2.431842000000000170e-01
1.852211999999999748e-01
1.309612000000000276e-01
