FramewiseDisplacement
8.750209999999998545e-02
4.404079999999986617e-02
1.275538000000001615e-01
8.682335000000018788e-02
2.495297500000001056e-01
2.949756999999999518e-01
8.368949500000000263e-01
1.466036850000000058e+00
1.149405100000000290e+00
4.990565499999998211e-01
8.220404499999998116e-01
6.904375000000000373e-01
3.450475000000000070e-01
3.675141000000000657e-01
1.953673000000000493e-01
2.105531000000000208e-01
7.137726000000000903e-01
1.349985199999999885e+00
1.361305000000000154e-01
2.750689999999999524e-01
4.706734000000000750e-01
1.646922500000001233e-01
3.961571500000000690e-01
1.187093184999999940e+00
3.124682814999999891e+00
3.099323100000000775e+00
6.358329999999999815e-01
2.475659100000000001e-01
1.113629600000000247e-01
1.485884499999999553e-01
6.011104999999999920e-02
2.074776499999999302e-01
1.281704490000000196e-01
5.268411490000000086e-01
1.931964499999999640e-01
4.239351999999999565e-01
3.904804400000000952e-01
1.952024050000000788e-01
3.219499799999998579e-01
2.199690850000000641e-01
3.585924000000000333e-01
1.097057500000000185e-01
3.763800499999999660e-01
6.707530499999999618e-01
9.482630550000000769e-01
3.580687550000000163e-01
6.560705500000000301e-01
4.644005499999999675e-01
3.917773000000000505e-01
5.522474500000000841e-01
1.710747499999999699e-01
3.768542999999999754e-01
1.743286499999999739e-01
8.622385000000001853e-02
1.561109499999999983e-01
1.264067000000000107e-01
1.642437500000000217e-01
2.312807999999999808e-01
2.395293909999999915e+00
3.244786840000000172e+00
4.170495599999999747e+00
5.915161999999999365e-01
8.610804999999999154e-02
9.330550000000001343e-02
7.154959999999999098e-02
2.116770249999999909e-01
9.227537499999999282e-02
1.542152500000000259e-01
1.041553500000000076e-01
1.608929500000000068e-01
4.063685999999999687e-01
1.672696999999999934e-01
2.932021499999999947e-01
2.669348500000000013e-01
1.484650000000000136e-01
9.332939999999997904e-02
6.729040000000001409e-02
6.180659999999998239e-02
7.880750000000001643e-02
9.630325000000002078e-02
2.844971999999999501e-01
2.626145499999999466e-01
5.624640000000000750e-01
5.427780000000002880e-02
3.168365999999999127e-01
2.676510500000000015e-01
1.330636000000000041e-01
4.985374999999997447e-02
6.879195000000003224e-02
3.079081000000000734e-01
1.671083999999999903e-01
8.049539999999998086e-02
1.648757100000000086e-01
2.028647600000000328e-01
3.298363699999999898e-01
1.635478099999999879e-01
9.794949000000000017e-02
1.561410300000000140e-01
1.069543499999999897e-01
6.415109999999998869e-02
1.148808059999999881e-01
1.198156439999999989e-01
1.556151700000000249e-01
7.129302999999999335e-02
1.053892399999999813e-01
1.095238899999999987e-01
2.396293500000000187e-01
1.553330499999999725e+00
2.328989250000000233e+00
5.146904999999998287e-01
5.029469999999998109e-01
6.527730000000001587e-01
6.682414999999999328e-01
3.669014500000000734e-01
6.613543800000001305e-01
7.264178699999999100e-01
1.132805850000000003e+00
1.727073159999999774e+00
2.152377009999999924e+00
4.228549199999999786e+00
9.897742999999998847e-01
3.122609000000000079e-01
2.562892000000000503e-01
1.291314000000000350e-01
1.212582999999999578e-01
1.143556000000000017e-01
1.160863000000000034e-01
1.279452500000000104e-01
2.003067499999999779e-01
2.200345499999999954e-01
1.553415499999999949e-01
1.998317999999999761e-01
1.478414499999999854e-01
4.817226500000000300e-01
2.793099500000000290e-01
1.515326000000000173e-01
1.284333000000000002e-01
8.510270000000000334e-02
5.304959999999999537e-02
1.005154499999999923e-01
4.324399999999996302e-02
1.577249500000000304e-01
3.937537999999999316e-01
2.238683149999999289e-01
3.434367649999999772e-01
5.409704300000000021e-01
1.654528299999999952e-01
3.150000599999999151e-01
1.079211100000000007e-01
3.237533999999999690e-01
1.172480500000000064e-01
7.491238149999999985e-02
1.512339369999999850e-01
3.716464049999998465e-02
1.601173850000000287e-01
2.044035999999999631e-01
1.539879999999999582e-01
1.311918500000000265e-01
6.589633499999998645e-02
1.182470850000000295e-01
1.577642300000000053e-01
1.983288140000000199e-01
1.434494560000000030e-01
1.098187014999999933e+00
4.972254050000000092e-01
3.113358099999999906e-01
1.906034850000000169e-01
2.484578350000000435e-01
1.451198499999999947e-01
1.753439650000000460e-01
2.308328850000000154e-01
1.906132349999999365e-01
1.266995999999999956e-01
8.901906500000000833e-02
1.484535800000000294e-01
1.680177699999999830e-01
1.623255999999999588e-01
6.251815000000000844e-02
1.019666500000000336e-01
1.242159000000000180e-01
8.746199999999994257e-02
2.166005000000000291e-01
1.793893345000000528e-01
2.166075344999999763e-01
5.108222499999999222e-01
1.055044450000000023e+00
6.706919999999999549e-01
1.315453565000000102e+00
3.095402950000000208e-01
8.686804000000002135e-02
