FramewiseDisplacement
1.138509000000000049e-01
1.309936999999999907e-01
1.019694500000000309e-01
1.571670500000000026e-01
3.877530000000001947e-02
1.597330000000000416e-01
1.313490500000000227e-01
9.729195000000004367e-02
1.006305499999999575e-01
1.270270499999999192e-01
2.028621000000000452e-01
9.799055000000000959e-02
2.121272499999999617e-01
7.560594999999994958e-02
1.079666999999999849e-01
1.331041999999999781e-01
7.333510000000005580e-02
5.909620000000001538e-02
1.131507499999999666e-01
3.355920000000001124e-02
1.897043999999999675e-01
1.009440499999999519e-01
7.325534999999996910e-02
7.885514999999998498e-02
1.141197000000000322e-01
1.406936500000000589e-01
1.451125500000000068e-01
1.191314000000000262e-01
1.011462000000000055e-01
7.321489999999999942e-02
8.454735000000002110e-02
1.533892000000000311e-01
1.024116000000000054e-01
4.942550000000002497e-02
1.309053999999999773e-01
1.594124499999999833e-01
7.890109999999998791e-02
9.776409999999999267e-02
1.060897000000000090e-01
1.158866000000000201e-01
4.906764999999999738e-02
6.066254999999998176e-02
1.380718999999999697e-01
1.033149499999999887e-01
1.207579000000000014e-01
1.281103999999999576e-01
9.809550000000005765e-02
1.830276500000000139e-01
4.773870000000001584e-02
1.670965999999999840e-01
8.799050000000001315e-02
8.381550000000002887e-02
2.992394999999998390e-02
6.830784999999998941e-02
2.014409999999999534e-01
5.790019999999999195e-02
7.117389999999995664e-02
8.679829999999996715e-02
1.376821500000000031e-01
7.855046000000000250e-02
7.672266999999996506e-02
1.406526170000000353e-01
9.938292700000002367e-02
9.357910999999997925e-02
1.383215000000000139e-01
1.500446499999999739e-01
1.090478500000000017e-01
9.981605000000000338e-02
6.133635000000001170e-02
1.265324999999999922e-01
2.368863999999999970e-01
1.049476000000000020e-01
1.051386499999999863e-01
1.197173499999999863e-01
7.853530000000000233e-02
9.406795000000001128e-02
8.252640000000001363e-02
3.892799999999999733e-02
6.103669999999997153e-02
5.202260000000000911e-02
7.295599999999999308e-02
1.580565000000000164e-01
1.470197030000000016e-01
3.903830699999997350e-02
1.103303460000000097e-01
5.705129999999997148e-02
1.255621500000000113e-01
9.590965000000001295e-02
6.765964999999996010e-02
1.966830800000000379e-01
2.438424800000000003e-01
1.603134999999999977e-01
8.504830000000002110e-02
3.371265000000003148e-02
1.086910299999999802e-01
6.243307299999999449e-01
7.088872700000000693e-01
2.741216599999999892e-01
1.873686099999999910e-01
1.107314499999999952e-01
1.623956000000000011e-01
2.524266299999999852e-01
9.032868999999998927e-02
2.190366289999999827e-01
1.956045240000000018e-01
1.060273250000000056e-01
5.256273000000000889e-02
1.088846000000000119e-01
9.131714999999999971e-02
6.159914000000000361e-02
5.916160000000000169e-02
9.493653999999999982e-02
8.526260000000002170e-02
1.069716700000000048e-01
8.821971999999998759e-02
6.305897000000000585e-02
8.293779000000001123e-02
1.544413099999999706e-01
1.567623999999999962e-01
1.284640999999999977e-01
1.108733499999999955e-01
4.005545000000002021e-02
1.475662499999999822e-01
5.463722999999998803e-02
1.596651799999999899e-01
1.489798499999999970e-01
7.776666999999999608e-02
1.708355299999999855e-01
2.049074500000000187e-01
1.842128000000000099e-01
2.019214299999999851e-01
7.125488000000000655e-02
1.132611799999999891e-01
2.172558799999999568e-01
1.333123799999999803e-01
1.295402099999999890e-01
8.868688999999999045e-02
1.238618599999999625e-01
3.953420000000003320e-02
7.381958999999999049e-02
1.331146460000000031e-01
1.525942140000000058e-01
1.407136999999999971e-01
1.097210200000000302e-01
1.341259400000000268e-01
1.069179599999999647e-01
1.381584000000000145e-01
1.340848399999999552e-01
1.728864100000000181e-01
2.409143099999999926e-01
2.209098199999999790e-01
8.183559999999995282e-02
6.708894000000001356e-02
1.943757600000000085e-01
2.790011299999999861e-01
2.056742299999999579e-01
1.389066999999999941e-01
2.195939999999996575e-02
1.109387999999999902e-01
1.132529300000000017e-01
1.308800200000000413e-01
1.786467999999999945e-01
1.352493499999999904e-01
1.258122200000000301e-01
1.339453700000000080e-01
2.384361000000000397e-01
2.594059099999999063e-01
1.533652499999998975e-01
7.132625000000009097e-02
4.988568999999994091e-02
8.684643999999995534e-02
9.672350000000000392e-02
1.741313999999999085e-01
6.191839999999994293e-02
2.899140999999999524e-01
2.196897999999999629e-01
1.462629999999999764e-01
1.674889000000000239e-01
2.986244000000000676e-01
2.370768699999999674e-01
1.577647850000000740e-01
1.285448549999999857e-01
4.107636000000000065e-01
3.083402000000000642e-01
1.398554999999999937e-01
6.664525500000001434e-01
2.118881599999999921e-01
3.726979599999999948e-01
1.433779800000000160e-01
8.572379999999994726e-02
2.583997500000000391e-01
3.502875999999999768e-01
2.303481000000000556e-01
2.038726999999998790e-01
2.791044999999998666e-01
1.981771999999999978e-01
1.905888099999999974e-01
4.009726999999994879e-02
4.355980999999994191e-02
7.242870999999996562e-02
1.222417200000000259e-01
1.510323999999999833e-01
5.993993000000003013e-02
1.283116299999999266e-01
3.978079999999994260e-02
1.142870900000000078e-01
6.699034999999997630e-02
4.123711300000000579e-02
