FramewiseDisplacement
8.872440000000003657e-02
1.128083999999999892e-01
1.429996000000000045e-01
1.154041000000000927e-01
1.390890000000000459e-01
2.409912899999999969e-01
1.690105899999999328e-01
1.083032999999999357e-01
3.337915149999998721e-01
9.090588500000000571e-02
1.394270499999999968e-01
3.098435999999999968e-01
2.049459500000001821e-01
1.091348000000000873e-01
7.111334999999988082e-02
2.573901499999999287e-01
3.476825499999999791e-01
9.719399999999994710e-02
2.459619999999998752e-01
4.068690499999998988e-01
1.182523000000000601e-01
2.880564500000000194e-01
3.457125099999999729e-01
9.636345999999995637e-02
8.646539999999991455e-02
3.276207999999999343e-01
2.647789000000000392e-01
1.618340999999998975e-01
1.263475199999999909e-01
1.515677070000000237e-01
1.420093649999999985e-01
1.159869119999999837e-01
9.607053000000005671e-02
1.117288399999999959e-01
5.424821840000000339e-01
1.773419940000000028e-01
2.333777000000000490e-01
7.320726000000000733e-01
2.788245000000000307e-01
2.012522000000000200e-01
2.152191999999999994e-01
1.169397000000001047e-01
1.442778000000000671e-01
1.237095000000000417e-01
4.964860000000002882e-02
5.621940000000005128e-02
5.342470000000007491e-02
2.046164000000000871e-01
2.416410000000000780e-01
2.475033199999999989e-01
1.054225199999999363e-01
1.226240999999999304e-01
8.785839999999991989e-02
9.572310000000006092e-02
1.983705999999998970e-01
1.849800999999998974e-01
5.530024499999999232e-01
2.123828850000000212e+00
2.450704199999999666e+00
5.452228999999999548e-01
9.470915500000000042e-01
1.812154449999999750e-01
1.114693950000000544e-01
7.198280000000001344e-02
1.158863950000000309e-01
7.353354999999996144e-02
5.697184500000000706e-02
7.991574999999999374e-02
8.314749500000000182e-02
1.573230050000000158e-01
8.812385999999999830e-02
1.733437999999999923e-01
1.386169499999999610e-01
5.713900000000000923e-02
7.452454999999998109e-02
1.064943499999999738e-01
6.659369999999997791e-02
1.042481000000000102e-01
9.432100000000000206e-02
7.058211500000000083e-02
1.848817749999999982e-01
1.196002099999999985e-01
1.354915999999999898e-01
7.223424999999998597e-02
2.020589899999999939e-01
6.396380999999999595e-02
1.596008500000000163e-01
4.641449800000000403e-01
3.254596000000000711e-01
2.030665300000000228e-01
1.884225549999999916e-01
1.086840349999999983e-01
1.035881399999999952e-01
6.331703899999999163e-02
7.878518900000000547e-02
7.860685000000000588e-02
9.226899799999999097e-02
1.337913870000000116e-01
1.066932369999999963e-01
4.466978700000000246e-02
7.993368299999999149e-02
7.839773499999999617e-02
6.007138110000000836e-02
9.659073890000000051e-02
1.318418550000000078e-01
1.195902200000000110e-01
9.892297999999999369e-02
9.236244500000001523e-02
1.054504019999999986e-01
1.214006120000000050e-01
9.064134999999998166e-02
1.106286149999999996e-01
8.159181000000001460e-02
3.455593500000000984e-02
8.974691199999999813e-02
1.297714869999999909e-01
1.302254039999999891e-01
4.465955600000000303e-02
5.525948499999999014e-02
7.301207499999999573e-02
5.625376000000001375e-02
8.751369999999999982e-02
6.009215000000000390e-02
1.120438500000000281e-01
8.104433999999999250e-02
1.167249060000000171e-01
9.386881399999999487e-02
6.198758999999999519e-02
7.040396000000000154e-02
1.232393999999999989e-01
1.027148499999999964e-01
1.562561650000000024e-01
1.020115950000000105e-01
7.631401999999999630e-02
1.014793500000000098e-01
1.009683000000000108e-01
1.294261499999999898e-01
1.297581500000000165e-01
1.251464999999999939e-01
1.442232400000000303e-01
8.873259000000000007e-02
6.967474999999999363e-02
5.889801000000000758e-02
8.338634000000000324e-02
1.207963000000000092e-01
5.791525700000000887e-01
5.209067590000000525e-01
1.320352289999999762e-01
3.534676999999999958e-01
5.793204999999999882e-02
4.784365000000000145e-02
4.638013999999999332e-02
3.445361900000000199e-01
3.000101969999999785e-01
3.507766370000000022e-01
1.023982659999999878e-01
1.194573999999999914e-01
1.587185000000000124e-01
9.593940000000000801e-02
6.752964999999996887e-02
6.382924999999999016e-02
1.424139499999999836e-01
9.066109999999998059e-02
8.509319999999999384e-02
1.898036499999999904e-01
2.132937899999999831e-01
1.260623099999999830e-01
2.455318699999999299e-01
2.794326199999999649e-01
8.500719999999999110e-02
6.548254999999997272e-02
2.763184000000000196e-01
2.556401500000000659e-01
4.918510999999999855e-01
1.659270499999999926e-01
1.318369999999999542e-01
2.512831999999999844e-01
2.975619500000000195e-01
2.591340400000000099e-01
1.376953200000000099e-01
1.113009000000000220e-01
3.091244899999999740e-01
1.049116399999999866e-01
2.367260300000000317e-01
2.427433800000000086e-01
1.968239000000000238e-01
2.167243199999999703e-01
4.332766000000000395e-02
8.654960000000000431e-02
7.038852839999999722e-02
