FramewiseDisplacement
8.993004999999998361e-02
1.058732000000000006e-01
5.098690000000000166e-02
7.774849999999998429e-02
4.290749999999997344e-02
8.575035000000000296e-02
1.775035550000000073e-01
9.843274499999997429e-02
2.558033499999999849e-01
7.660642000000000840e-01
6.332146000000000718e-01
4.160869500000000110e-01
1.781164999999999554e-01
1.750625999999999849e-01
6.612284999999999691e-02
3.806884999999999436e-02
2.436925500000000078e-01
1.235733999999999999e-01
1.481829299999999905e-01
1.070136299999999985e-01
3.377379999999999272e-02
5.224439999999998946e-02
1.072099999999999616e-02
6.381699999999998485e-02
1.106218499999999660e-01
1.286321350000000086e-01
2.527443830000000169e-01
1.800348059999999917e-01
1.036683759999999926e-01
1.190529000000000170e-01
1.084081000000000072e-01
5.730499999999998789e-02
1.303037499999999960e-01
3.595314999999999622e-02
9.915024999999999533e-02
1.103974999999999956e-01
1.220689000000000080e-01
1.308104499999999948e-01
1.299183999999999894e-01
1.145361600000000257e-01
9.824818999999999913e-02
1.095921299999999821e-01
1.193191600000000074e-01
6.909527999999999504e-02
9.505385000000000917e-02
4.564279000000000253e-02
5.003750000000000558e-02
5.198350000000000193e-02
4.379884000000000555e-02
6.169256000000000045e-02
1.051095999999999975e-01
8.159243299999999199e-02
5.641233299999999506e-02
8.919999999999998763e-02
9.042189999999999950e-02
5.940718000000000387e-02
1.050667500000000004e-01
1.058032079999999958e-01
6.435641999999999752e-02
4.929047800000001256e-02
6.916361999999999510e-02
5.366105000000000180e-02
6.478424999999998768e-02
5.919597000000000053e-02
8.743157000000001400e-02
1.307837999999999883e-02
7.125775999999998944e-02
5.268893499999999230e-02
3.696992949999999140e-02
1.441016450000000282e-02
4.862367600000000456e-02
9.944205400000000195e-02
1.855313799999999957e-01
1.191836599999999829e-01
5.967401999999999429e-02
9.531212499999999754e-02
1.049381249999999932e-01
1.044648999999999994e-01
3.106779999999999958e-02
1.412135500000000037e-02
8.870846500000000023e-02
1.046276599999999973e-01
4.096835000000000060e-02
2.676995000000000763e-02
5.159460000000000435e-02
2.479420000000000582e-02
3.996669000000000610e-02
1.086587400000000037e-01
6.657231999999999039e-02
2.616384000000000071e-02
5.392737000000000919e-02
1.550356999999999985e-01
1.964356649999999815e-01
5.460826500000000999e-02
1.388513049999999804e-01
1.252983649999999949e-01
1.828358100000000153e-01
1.400436100000000128e-01
9.381579999999999087e-02
7.918293999999999333e-02
5.547768000000000838e-02
7.749169000000000196e-02
3.855717499999999909e-02
1.017456550000000043e-01
3.976221000000000616e-02
6.537143000000000814e-02
9.742502000000000106e-02
8.444259999999997879e-02
6.959260000000000446e-02
4.939301000000002190e-02
1.133341550000000059e-01
4.223344499999999446e-02
7.202153699999999659e-02
2.455397300000000324e-02
6.215960999999999709e-02
3.919929999999999248e-02
3.159694305000000647e-02
1.088887304999999750e-02
9.039587999999999790e-02
8.894016999999999895e-02
7.065072000000000019e-02
9.767538999999998695e-02
6.096083650000000409e-02
8.913058649999999750e-02
9.215724000000000138e-02
2.128215399999999757e-01
1.222687000000000079e-01
1.292063600000000201e-01
9.806759000000002391e-02
8.847329000000000998e-02
8.919157700000000799e-02
6.287807700000000444e-02
3.647735000000000560e-02
5.443004999999999372e-02
1.508973000000000120e-01
8.719397499999999301e-02
2.705407499999998994e-02
6.334267500000000106e-02
1.148907250000000130e-01
5.772714999999999097e-02
6.758376500000000398e-02
1.696394699999999867e-01
1.281338150000000120e-01
4.390160999999997982e-02
3.451314000000001853e-02
5.992781999999999970e-02
9.057081499999999896e-02
2.315505049999999967e-02
1.038759355000000023e-01
2.650257999999999781e-01
1.348589499999999775e-01
1.151428800000000169e-01
3.425939299999999910e-01
1.520965999999999985e-01
1.529205000000000148e-02
6.222295000000001297e-02
4.571942499999999410e-02
1.743758500000000197e-02
3.771344499999999128e-02
5.431964499999999973e-02
7.814833499999998545e-02
1.242238249999999822e-01
9.721240999999999910e-02
7.941773499999998931e-02
6.200697499999999196e-02
2.976596000000000103e-02
5.653270999999999991e-02
5.870795000000000180e-02
6.568871000000001126e-02
5.108027999999999874e-02
8.113460299999999958e-02
5.714935299999999996e-02
4.724174999999999902e-02
4.644224999999999048e-02
6.027147540000001719e-02
6.844142540000000552e-02
4.906799999999999357e-02
7.025009999999996813e-02
4.521215499999998999e-02
5.696000500000000105e-02
9.513724999999999266e-02
1.162892849999999922e-01
3.132741000000002080e-02
6.318796000000001523e-02
9.669858500000000356e-02
6.422039999999998305e-02
4.084759000000000306e-02
1.298201399999999728e-01
4.419505000000000655e-02
3.128610000000001112e-02
