FramewiseDisplacement
1.248338463000000231e-01
1.533884177000000293e-01
1.311942593999999851e-01
6.036124429999994989e-02
8.517688519999999652e-02
3.583436670000003654e-02
7.765828360000004427e-02
7.309924999999996287e-02
5.258743999999994367e-02
3.519662999999994407e-02
3.012473999999999361e-02
8.641024999999999401e-02
1.053354499999999833e-01
2.196338000000000734e-01
2.174028000000000072e-01
7.628406999999999272e-01
2.752292000000000072e-01
3.819950799999999869e-01
1.400617100000000059e-01
1.456218099999999904e-01
2.259322399999999786e-01
2.335811499999999874e-01
6.805424499999999099e-01
4.249493999999999772e-01
1.100791599999999537e-01
1.081930599999999937e-01
5.735711000000004445e-02
1.211912300000000109e-01
1.215502300000000369e-01
3.816073999999998467e-02
3.878493000000000912e-02
6.445056999999999869e-02
3.569190000000002638e-02
8.699321000000001525e-02
3.533800999999998915e-02
1.661179050000000101e+00
1.860919000000000045e-01
9.621032000000000473e-01
4.104163900000000198e-01
1.764545600000000103e-01
1.511538099999999996e-01
6.092560999999998422e-02
6.723756999999998263e-02
6.002951999999998900e-02
1.015330899999999786e-01
6.283057999999999699e-02
3.655021499999999701e-02
6.364214499999999719e-02
3.123234499999999469e-02
4.797818499999999264e-02
1.423738299999999790e-01
1.903220599999999874e-01
2.006162290000000348e-01
2.471188590000000240e-01
1.372653189999999968e-01
2.354964890000000033e-01
2.007252100000000150e-01
2.201509000000000105e-02
5.315981999999999652e-02
4.966339000000000170e-02
5.818706000000000572e-02
7.363358000000000403e-02
6.062287500000000662e-02
4.560417500000000374e-02
3.547039600000000820e-02
7.602886399999998768e-02
1.500337100000000146e-01
1.470337400000000239e-01
8.088671999999999529e-02
5.019496000000000374e-02
2.485390999999999989e-02
5.217645999999999396e-02
1.484383100000000177e-01
6.170001000000000513e-01
2.096448000000000200e-01
5.223737000000000519e-01
2.558045099999999850e-01
1.320205750000000011e-01
1.061024550000000122e-01
1.403372750000000113e-01
8.905757000000000256e-02
7.478909000000000251e-02
3.703113900000000458e-02
9.610447399999999529e-02
7.961343999999997978e-02
4.469793999999999851e-02
1.112673450000000175e-01
9.251559499999999214e-02
2.379855950000000220e-01
3.350458349999999585e-01
5.000309000000000004e-02
9.565778199999999121e-01
5.759980700000000287e-01
1.726925450000000029e-01
3.092561160000000253e-01
5.467891700000000049e-02
1.071122790000000047e-01
1.419237090000000090e-01
8.189099999999999158e-02
9.844179000000000124e-02
7.768690999999998403e-02
9.887101000000000917e-02
4.781050999999999357e-02
4.548595999999999889e-02
1.319341800000000120e-01
1.274495299999999776e-01
1.490386839999999768e-01
1.529744657999999868e-01
1.615601097999999902e-01
4.589009800000000139e-01
1.092041499999999998e-01
1.787583299999999653e-01
2.593639349999999899e-01
1.807712149999999851e-01
6.138724000000000958e-02
6.489089999999998748e-02
8.069116499999999526e-02
4.719816999999999069e-02
5.257214500000000068e-02
4.709432499999999244e-02
6.405662500000000592e-02
2.499074350000000388e-01
1.990230749999999660e-01
1.000424400000000102e-01
4.595380000000000298e-02
6.148746000000000766e-02
1.008449199999999768e-01
1.201589400000000057e-01
2.546790999999999916e-01
9.090683999999999987e-01
3.975024000000000335e-01
6.099436000000000302e-01
8.931800000000000850e-02
5.587379000000002038e-02
7.602206000000000241e-02
9.330420799999999959e-02
7.116150799999999832e-02
1.901369799999999832e-01
2.693694700000000553e-01
4.667468670000000652e-01
2.410774019999999684e-01
8.908241500000001201e-02
9.063133999999999080e-02
6.818981999999998433e-02
4.428416000000000297e-02
1.358746249999999989e-01
2.068064849999999844e-01
1.366831000000000018e-01
7.024371499999999546e-01
1.437655499999999642e-01
3.880145499999999581e-01
1.518564000000000025e-01
1.758098000000000161e-01
1.344839999999999924e-01
8.739510000000000334e-02
4.723865000000000702e-02
2.751444999999999932e-02
4.804355000000001819e-02
6.400832000000000743e-02
3.299921999999998190e-02
7.318359000000003445e-02
2.931839999999999100e-02
6.580924000000000496e-02
5.614211000000000201e-02
8.323365999999998710e-02
1.635485000000000133e-01
3.712715499999999502e-01
2.227424000000000071e-01
3.744922400000000318e-01
1.082444099999999854e-01
9.789680000000001991e-02
7.114330500000000113e-01
1.911631500000000039e-01
1.561605899999999880e-01
1.088126899999999897e-01
1.216705900000000229e-01
4.709355999999999959e-02
4.187289000000000289e-02
4.041610999999999815e-02
6.919193000000001259e-02
7.564152500000001500e-02
1.019094900000000053e-01
6.556629500000001054e-02
1.113483500000000126e-01
9.744808500000000651e-01
5.312218499999999954e-01
1.902109499999999898e-01
5.659410000000000829e-02
6.688634999999999720e-02
6.880559999999999454e-02
