FramewiseDisplacement
1.115328000000000014e-01
1.344440500000000094e-01
2.799015000000000877e-02
9.152834999999999444e-02
8.727290000000001435e-02
4.430832000000001908e-02
3.153893000000002056e-02
6.305180000000000506e-02
5.025599999999999512e-02
1.106839299999999998e-01
5.838743000000001793e-02
1.019119200000000169e-01
1.266529200000000022e-01
5.630204999999999932e-02
3.401629999999999932e-02
4.695264999999999161e-02
9.758610000000000895e-02
2.489949999999999455e-02
5.126970499999999875e-02
2.077960499999998920e-02
5.444902999999998161e-02
7.401543999999998791e-02
1.010266599999999904e-01
6.314510000000000955e-02
6.091594999999999649e-02
6.743118499999999071e-02
1.159302450000000151e-01
7.434399999999990322e-03
5.242469999999999075e-02
2.785250000000001700e-03
4.731375499999998513e-02
4.810095000000001036e-02
9.341258500000000631e-02
7.938618500000001188e-02
6.096628499999999506e-02
8.703290999999999111e-02
1.050859599999999922e-01
1.011390850000000036e-01
1.130433350000000087e-01
7.983965000000001200e-02
9.963189999999999547e-02
7.427544999999999287e-02
6.900485000000000646e-02
7.033589999999999287e-02
7.545980000000000742e-02
2.922279999999999323e-02
2.702370000000000119e-02
3.539979999999999516e-02
7.424423500000000564e-02
6.766558500000000032e-02
5.355864499999999501e-02
9.763769500000001045e-02
4.788613499999998940e-02
8.929318700000002385e-02
4.209708699999999137e-02
1.253900349999999830e-01
1.041309700000000171e-01
9.729042000000000245e-02
5.539298500000000569e-02
9.690100000000000102e-02
5.693608500000001127e-02
8.754873499999998865e-02
6.449265000000001247e-02
5.717211000000001209e-02
8.266201000000000798e-02
1.550665299999999802e-01
1.820047449999999956e-01
1.154521959999999930e-01
1.354295639999999745e-01
1.275436100000000017e-01
1.094930999999999960e-01
6.134530000000001232e-02
9.578309999999999602e-02
6.379057804499999040e-02
8.167173804499999745e-02
2.469135500000000510e-02
5.445374999999999521e-02
7.811274999999999469e-02
7.565563000000000149e-02
7.345354499999998121e-02
3.500417999999999585e-02
9.319839549999998918e-02
1.106570355000000144e-01
1.246087399999999956e-01
1.916207450000000090e-01
6.728838499999999223e-02
3.786318499999999365e-02
2.912548500000000304e-02
9.305188500000000085e-02
6.927374000000000032e-02
6.838512999999998843e-02
1.081554579999999960e-01
7.987386299999998940e-02
4.203578000000000175e-02
7.849487499999999174e-02
6.410772499999999041e-02
3.233816999999999248e-02
6.220587000000000338e-02
6.202250000000000818e-02
5.715835000000001054e-02
5.902620000000001477e-02
4.394180000000000308e-02
7.092256000000000948e-02
8.550868000000001745e-02
5.923681000000001473e-02
1.212377500000000052e-01
8.440712000000001602e-02
6.333566000000000196e-02
1.758596300000000168e-01
5.542369000000000462e-02
8.410764000000002516e-02
1.089739900000000067e-01
9.691091999999999762e-02
9.224712999999999663e-02
6.537416000000000060e-02
1.354236099999999998e-01
1.285316999999999987e-01
4.476770000000000749e-02
9.447250000000000092e-02
1.023575800000000174e-01
3.008366499999999555e-02
2.164837499999998360e-02
2.271569900000000031e-01
1.294791700000000045e-01
9.763592999999999578e-02
4.110843999999999610e-02
8.951200000000000823e-02
5.141914999999998986e-02
7.213954999999999673e-02
8.918790000000000051e-02
6.149133999999999156e-02
6.637930000000000219e-02
9.687584999999998558e-02
5.682790000000001451e-02
1.122062500000000074e-01
1.406188500000000174e-01
3.101110000000000325e-02
6.631294999999998163e-02
5.402817000000000036e-02
4.354761999999998828e-02
6.051099999999997453e-02
8.775334999999997998e-02
9.110780000000001655e-02
5.726470000000002253e-02
3.646370000000000167e-02
6.310349999999999293e-02
3.903650000000000175e-02
7.551705000000000223e-02
2.231970000000000343e-01
9.747279999999998445e-02
2.985580000000001219e-02
1.135939000000000115e-01
1.049908700000000000e-01
1.160525900000000110e-01
1.341707206999999957e-01
8.095974070000000467e-02
3.862659999999998317e-02
4.773536999999999225e-02
3.195667000000000646e-02
4.646140000000001380e-02
4.395825000000001120e-02
8.359005000000002683e-02
4.831474000000000879e-02
8.907400499999999777e-02
3.815224000000000393e-02
3.439149000000001066e-02
4.472888999999999338e-02
5.190794999999999437e-02
3.084065499999998766e-02
6.425065499999998986e-02
6.318696000000001423e-02
1.150227050000000167e-01
5.759356999999999671e-02
4.371967999999998994e-02
9.862761999999999918e-02
4.025400000000000506e-02
1.021059299999999836e-01
7.410974000000000728e-02
7.996508000000000782e-02
5.146599000000000312e-02
5.140161999999998815e-02
1.192113049999999896e-01
6.434332500000000676e-02
1.232930299999999701e-01
1.505216000000000054e-01
5.651325000000000792e-02
1.358060500000000115e-01
8.417740000000001332e-02
8.514639999999999709e-02
8.081919999999996607e-02
