FramewiseDisplacement
7.304159999999999819e-02
7.937810000000000699e-02
1.373557099999999920e-01
1.016458649999999880e-01
5.392985499999999877e-02
9.712774999999999881e-02
7.659020000000002493e-02
1.356160999999999894e-01
1.782084849999999998e-01
1.305099350000000213e-01
1.043917799999999896e-01
1.017370700000000128e-01
3.913979999999998849e-02
9.609335500000000529e-02
1.936971550000000097e-01
2.327644799999999958e-01
1.272737100000000121e-01
9.609435750000000498e-02
1.719126725000000022e-01
1.724264700000000261e-01
1.097532200000000124e-01
1.011165400000000186e-01
1.016860449999999888e-01
5.181046000000000262e-02
1.233342150000000109e-01
1.779981299999999766e-01
1.318901749999999984e-01
1.238930349999999986e-01
7.976689000000000696e-02
3.272495000000000959e-02
4.847417999999999172e-02
7.704870399999999564e-02
9.974843399999999694e-02
1.428356399999999859e-01
9.996932999999998126e-02
5.932899000000002587e-02
9.650482000000001892e-02
1.521685899999999925e-01
7.931536000000000142e-02
1.193539149999999910e-01
1.225457149999999995e-01
1.037162950000000139e-01
1.299259750000000269e-01
1.001994200000000113e-01
4.332798999999998985e-02
5.829142899999999877e-02
6.792950400000000166e-02
6.885621700000001122e-02
1.366046619999999878e-01
9.970508999999999622e-02
1.038062900000000233e-01
1.251747700000000185e-01
1.328372800000000020e-01
9.152187999999998602e-02
5.530922999999999395e-02
8.094672000000001366e-02
2.365139999999999257e-02
7.253957000000001154e-02
4.095825000000000854e-02
1.233217110000000005e-01
1.095415810000000129e-01
5.561511400000002103e-02
4.094254399999999738e-02
4.116756499999999624e-02
4.747541999999999041e-02
4.641453500000000676e-02
1.201818449999999955e-01
2.336702500000000654e-02
1.126000600000000018e-01
1.490491449999999940e-01
7.558444859999999266e-02
1.665168536000000143e-01
1.438575699999999902e-01
1.156775350000000119e-01
1.203228350000000169e-01
4.058638599999998819e-02
5.525781599999999433e-02
7.543401000000000967e-02
6.785059000000000229e-02
1.297712994999999925e-01
1.270946514999999888e-01
1.359477899999999850e-01
1.641393000000000157e-01
1.180391899999999883e-01
6.417764999999998887e-02
9.015524099999998320e-02
1.300696729999999968e-01
8.797329399999999355e-02
6.504028000000000587e-02
8.346895000000001397e-02
6.294829000000000396e-02
1.034643749999999973e-01
1.310195549999999820e-01
1.891597499999999876e-01
2.415041690000000463e-01
1.822405390000000069e-01
1.956644905000000101e-01
1.018189325000000145e-01
9.955598199999998732e-02
1.407338850000000030e-01
1.947308250000000240e-01
1.312619000000000147e-01
2.042778500000000386e-02
1.071421650000000114e-01
7.465500000000001302e-02
5.759927500000000533e-02
7.605536849999999793e-02
1.620905314999999958e-01
1.341665949999999996e-01
2.106631999999999949e-02
1.083750600000000092e-01
1.767693800000000037e-01
1.381999599999999828e-01
7.109649000000001218e-02
1.721087699999999943e-01
2.397198350000000200e-01
1.520738849999999920e-01
3.169438000000000810e-02
2.940824999999999689e-02
1.026867000000000058e-01
5.358494999999999231e-02
8.110715999999999759e-02
1.015245600000000137e-01
2.750081000000000747e-02
1.192634700000000103e-01
9.701878999999997977e-02
7.844703000000000093e-02
4.475045000000000411e-02
1.042557999999999957e-01
1.124701599999999996e-01
3.666227000000000374e-02
1.036625139999999973e-01
1.417969389999999830e-01
1.262455630000000051e-01
7.701754000000000933e-02
1.216400400000000048e-01
1.153743800000000125e-01
1.221063000000000009e-01
1.275257199999999813e-01
1.484374699999999603e-01
1.436091419999999674e-01
1.518054719999999969e-01
2.653760800000000142e-01
2.166392850000000148e-01
1.889541150000000058e-01
1.350881500000000179e-01
7.917369999999999963e-02
1.012029510000000132e-01
1.037913510000000039e-01
1.174906999999999757e-01
7.605874999999999442e-02
1.285398500000000110e-01
5.598195000000000254e-02
5.403949999999999726e-02
5.825289999999999635e-02
8.078101999999999505e-02
1.479848700000000183e-01
1.377870499999999943e-01
1.104053499999999993e-01
2.295235999999999943e-01
2.148562199999999589e-01
1.104342700000000010e-01
1.307365999999999806e-01
1.429199499999999901e-01
1.025235499999999633e-01
3.485929999999999584e-02
1.266885499999999831e-01
1.463642500000000013e-01
8.466034999999995370e-02
1.653711999999999960e-01
1.031749499999999736e-01
2.085824499999999471e-01
1.530564499999999828e-01
1.670649499999999898e-01
1.190266000000000240e-01
1.376695000000000002e-01
1.488534999999999997e-01
1.467074000000000156e-01
2.548463000000000256e-01
1.359797000000000089e-01
8.718434999999999380e-02
1.528831999999999969e-01
1.451669499999999891e-01
9.575884999999997871e-02
4.539839999999999154e-02
7.063825000000001353e-02
4.999614999999998227e-02
9.396274999999999766e-02
7.684795000000001208e-02
7.263874999999998805e-02
