FramewiseDisplacement
1.413835499999999967e-01
1.741623499999999103e-01
2.017178499999998098e-01
9.767484999999991035e-02
1.120049000000000738e-01
1.411025500000000488e-01
1.647020999999998792e-01
9.675996999999999515e-01
3.898177999999999921e-01
3.687094999999999123e-01
3.322500999999999372e-01
3.470796999999999910e-01
2.847336999999999785e-01
1.081404999999999728e-01
1.401304999999999912e-01
7.307350000000002732e-02
1.634904999999999831e-01
1.161494999999999750e-01
1.813535000000000008e-01
3.331189999999999984e-01
3.143349999999999200e-01
1.956556499999999865e-01
1.720172500000000104e-01
6.859735000000002914e-02
6.851155000000007378e-02
6.276660000000003348e-02
9.884610000000007557e-02
1.701005000000000156e-01
2.007745000000000224e-01
4.317909999999999804e-01
1.229998499999999995e+00
7.139079000000000397e-01
3.097881000000000107e-01
3.333899999999999642e-01
2.366780000000000828e-01
1.626880000000001103e-01
1.599215000000000497e-01
8.962300000000000821e-02
8.277650000000008612e-02
1.134870000000000045e-01
9.266150000000009102e-02
1.304180000000000339e-01
9.613799999999997348e-02
4.082855000000001344e-01
2.609200000000000963e-01
1.445764999999999412e-01
1.664485000000000270e-01
8.638295999999999752e-01
2.490106000000000541e-01
7.257964999999999556e-01
7.579141000000000350e-01
1.271133900000000150e+00
2.759112000000000231e-01
1.126126899999999598e-01
1.286709199999999942e-01
2.078281999999999907e-01
1.761784700000000037e-01
1.258610999999999758e-01
1.274989199999999878e-01
6.833485999999999727e-02
6.907912000000000774e-02
3.670960000000002971e-02
5.508610000000002671e-02
6.725980000000000847e-02
1.296524000000000010e-01
9.863389999999996882e-02
1.126007099999999789e-01
6.410140999999999756e-02
1.109355000000000063e-01
1.625107999999999830e-01
1.518291999999999420e-01
1.053592899999999527e-01
1.132811999999999708e-01
1.060386100000000054e-01
7.969178000000003148e-02
6.388418000000004038e-02
8.748082000000004244e-02
8.082423000000005242e-02
1.335493400000000164e-01
2.089005300000000009e-01
1.397583000000000020e-01
6.497069999999999235e-02
1.117948000000000275e-01
1.044358999999999565e-01
8.950919999999995547e-02
1.161199000000000259e-01
8.641669999999995744e-02
1.578693000000000179e-01
2.029241000000000239e-01
1.948505500000000112e-01
2.080705100000000141e-01
1.389296600000000104e-01
1.209879299999999658e-01
4.656959600000000754e-01
1.010764702800000192e+00
3.913444127999999855e-01
3.084190510000000551e-01
1.568247809999999964e-01
1.129696649999999969e-01
1.422349450000000015e-01
1.161651199999999967e-01
7.981457000000001523e-02
1.123637740000000135e-01
1.083342440000000240e-01
8.193332900000002694e-02
1.129243989999999948e-01
1.427774199999999882e-01
1.731497919999999691e-01
1.761772919999999854e-01
1.005928824999999804e-01
4.214281324999999967e-01
1.686423100000000064e+00
1.605452650000000148e+00
3.052768000000000148e-01
1.616496499999999503e-01
6.276724999999998278e-02
9.908654999999999546e-02
1.242029499999999925e-01
9.883005000000000262e-02
5.509704000000001378e-02
3.910550999999999611e-02
8.287459999999996496e-02
1.193683600000000067e-01
8.056146000000002916e-02
7.966060199999999702e-02
9.125151199999997909e-02
9.323793000000002440e-02
7.508282000000003620e-02
1.286553500000000572e-01
1.279077500000000422e-01
9.015819158999999194e-02
1.334439515899999984e-01
1.391776699999999756e-01
9.748441000000002132e-02
7.565141000000003002e-02
2.467385999999999538e-02
6.117057000000002132e-02
7.681040000000002865e-02
6.197759500000005195e-02
1.395861450000000781e-01
9.289361000000000146e-02
1.004918199999999817e-01
7.010063000000001099e-02
1.243728155000000390e-01
1.108738145000000008e-01
1.084735500000000019e-01
1.087818000000000118e-01
6.470892999999999784e-02
9.356830000000000702e-02
5.443457000000002932e-02
5.943171000000004034e-02
4.659547000000002076e-02
4.720568000000001374e-02
5.208143000000001882e-02
7.558503999999997836e-02
7.502437999999997387e-02
8.388792000000003246e-02
1.006623499999999699e-01
1.564387510000000148e-01
1.113627160000000005e-01
4.618680999999996706e-02
5.582229999999996362e-02
3.124770000000000325e-02
9.229790000000004380e-02
6.245660000000003570e-02
6.513478500000002835e-02
4.499366170000000387e-01
5.352903670000001002e-01
4.974998400000000265e-01
1.926182700000000081e-01
1.072919500000000109e-01
4.611847000000000862e-02
3.800021999999996652e-02
5.234468499999998109e-02
1.242062850000000135e-01
1.070425000000000265e-01
1.209268000000000287e-01
9.943090000000000261e-02
1.332902899999999780e-01
6.477458999999999301e-02
1.402020500000000225e-01
9.950530000000000486e-02
1.002305500000000016e-01
1.008443000000000256e-01
1.363114500000000007e-01
1.361056499999999669e-01
1.779572000000000098e-01
1.564921999999999702e-01
7.867065000000000863e-02
6.106299999999999922e-02
