FramewiseDisplacement
1.775526850000000156e-01
1.131757949999999957e-01
3.764283999999998298e-02
5.641426999999998165e-02
1.019145899999999855e-01
1.504341899999999954e-01
1.301159900000000147e-01
8.590172999999999559e-02
7.348914000000002222e-02
7.282433999999998742e-02
5.184730000000000588e-02
1.762719600000000053e-01
2.128737849999999820e-01
2.337575149999999991e-01
2.524244299999999774e-01
8.196466999999998948e-02
1.234941294999999661e-01
2.175337994999999858e-01
2.565168700000000079e-01
1.737045200000000289e-01
1.133644300000000021e-01
7.663957999999998494e-02
1.656595000000000428e-01
1.867256999999999945e-01
1.594133500000000092e-01
2.188263199999999908e-01
2.542383699999999913e-01
2.207297000000000009e-01
1.896376999999999924e-01
1.471873199999999826e-01
1.679565199999999980e-01
1.760653300000000199e-01
9.412538099999999408e-02
9.185915099999998612e-02
8.852749999999999508e-02
1.061395700000000303e-01
3.375071999999999101e-02
8.280541999999999070e-02
2.342129850000000402e-01
2.476887750000000277e-01
2.402801549999999953e-01
2.640706350000000535e-01
1.119362700000000044e-01
1.596291950000000015e-01
1.769662650000000115e-01
2.225130730000000057e-01
2.505993469999999723e-01
2.055475400000000286e-01
1.827169999999999905e-01
1.877245899999999690e-01
1.909852100000000164e-01
1.657742739999999992e-01
1.516362090000000218e-01
9.702439499999998551e-02
1.648409650000000060e-01
3.244968949999999519e-01
2.495829199999999859e-01
8.389147500000000701e-02
7.538209499999999619e-02
7.294912500000000355e-02
9.523579999999999546e-02
2.014056099999999849e-01
2.383173450000000138e-01
1.773479099999999697e-01
1.658459549999999616e-01
5.481287499999999008e-02
1.331098999999999755e-01
9.374130999999999436e-02
1.382571250000000085e-01
1.723180750000000427e-01
2.017083650000000006e-01
2.129987050000000381e-01
2.263258100000000161e-01
1.145920599999999956e-01
1.850660389999999877e-01
2.156880010000000181e-01
2.024750900000000242e-01
8.661386000000000085e-02
1.362755549999999927e-01
1.659999680000000255e-01
1.446168430000000227e-01
1.176662199999999880e-01
1.385381199999999868e-01
1.525225199999999948e-01
1.852129000000000136e-01
2.208520049999999624e-01
1.398878050000000040e-01
1.207800149999999906e-01
1.755291890000000021e-01
2.274204790000000087e-01
1.886478150000000242e-01
1.873601350000000110e-01
3.691399399999999997e-01
1.465089400000000042e-01
1.691010254999999740e-01
2.939879045000000635e-01
3.136513049999999914e-01
3.130845400000000223e-01
1.672773649999999834e-01
7.759862500000001828e-02
1.382504649999999891e-01
2.060739849999999596e-01
2.476450349999999856e-01
1.484544349999999957e-01
8.752635499999997237e-02
2.225924099999999350e-01
2.326058049999999988e-01
1.899828199999999967e-01
1.565630899999999881e-01
2.129997599999999824e-01
3.779437649999999316e-01
2.200813900000000156e-01
1.466767800000000066e-01
8.604731499999999922e-02
1.097482799999999897e-01
7.985940999999999179e-02
8.871073500000002665e-02
1.460464972149999874e-01
7.994585778499999074e-02
1.516190750000000198e-01
1.429986350000000128e-01
1.534370980000000217e-01
1.298140430000000178e-01
1.388288100000000247e-01
7.845891000000000670e-02
7.936008999999999425e-02
2.433313150000000202e-01
3.560978750000000637e-01
2.018931300000000040e-01
1.563424849999999755e-01
2.477459099999999859e-01
3.461732899999999669e-01
2.630644699999999947e-01
9.391978000000000826e-02
1.092111649999999712e-01
1.568778199999999734e-01
1.873636399999999702e-01
1.677792399999999962e-01
2.201266399999999845e-01
2.608102500000000212e-01
2.163453999999999655e-01
2.615059499999999870e-01
2.104015800000000047e-01
2.322088049999999626e-01
2.150532850000000384e-01
1.616744800000000093e-01
2.046077399999999824e-01
3.671383380000000085e-01
2.479675279999999649e-01
1.285176799999999953e-01
2.026816200000000068e-01
2.545718000000000147e-01
2.523528499999999619e-01
2.323084600000000222e-01
1.343406099999999992e-01
9.512909979999999155e-02
1.076136798000000006e-01
6.183231999999998230e-02
1.636912500000000104e-01
2.020655000000000090e-01
1.106990499999999933e-01
1.366102399999999939e-01
2.314484400000000330e-01
1.988349500000000103e-01
1.638524600000000053e-01
5.473577899999999552e-01
1.544304199999999849e-01
2.471686299999999725e-01
2.859887999999999875e-01
2.808759000000000117e-01
1.537451879999999771e-01
9.640888799999997039e-02
1.245856000000000047e-01
1.459693499999999977e-01
2.605824499999999655e-01
2.141615499999999783e-01
2.091602499999999643e-01
2.408541500000000168e-01
2.189052999999999971e-01
1.680815499999999962e-01
1.883358000000000254e-01
2.908716499999999816e-01
1.329624499999999820e-01
5.316820500000000171e-01
2.211460999999999566e-01
1.778326500000000088e-01
3.297720999999999569e-01
4.207282000000000521e-01
1.906187000000000020e-01
1.800608000000000208e-01
