FramewiseDisplacement
4.746641999999999528e-02
6.246952000000000060e-02
1.223131600000000041e-01
1.022624699999999942e-01
6.631130999999998443e-02
5.094890000000002611e-02
1.016778099999999935e-01
9.151779000000001552e-02
1.014103999999999700e-01
7.868286500000000461e-02
1.485560650000000149e-01
8.598830000000001750e-02
8.724483000000000932e-02
1.158936299999999975e-01
1.101689000000000140e-01
6.945860000000000922e-02
1.342804900000000190e+00
3.341095000000000037e-01
3.382664999999999700e-01
1.629569999999999907e-01
2.068489999999999496e-01
7.092430000000005119e-02
1.231408000000000363e-01
2.424779999999999713e-01
2.531854999999999523e-01
2.142589999999999772e-01
1.130448999999999760e-01
7.155519999999999936e-02
1.075779999999999931e-01
7.599829999999999086e-02
6.421840000000002269e-02
1.207635000000000097e-01
7.085230000000002082e-02
1.005305999999999700e-01
1.327820500000000403e-01
5.953390000000002152e-02
5.863104500000000385e-01
2.424694500000000308e-01
1.815104000000000162e-01
1.718418500000000182e-01
1.860960499999999851e-01
1.294907000000000141e-01
1.513328000000000173e-01
1.420774500000000218e-01
1.206688999999999956e-01
9.495190000000000574e-02
7.792660000000001252e-02
1.608100000000000085e-01
2.832753999999998440e-02
7.870578999999996994e-02
7.698560500000001250e-02
1.807985549999999719e-01
1.322069999999999912e-01
8.748160000000000658e-02
2.156340499999999938e-01
7.984909499999999216e-01
1.929259999999999864e-01
2.190164999999999473e-01
2.568145000000000011e-01
1.391475000000000073e-01
1.032510000000000094e-01
8.971400000000004371e-02
4.752750000000001418e-02
1.108589999999999576e-01
8.858199999999999408e-02
1.262329999999999564e-01
9.357550000000003365e-02
8.971070000000003208e-02
9.131780000000004616e-02
7.385849999999999360e-02
8.974209999999997744e-02
5.943040000000000128e-02
1.701559999999999531e-02
7.054350000000003673e-02
1.814595999999999987e-01
1.929102500000000053e-01
1.066403499999999949e-01
1.313951499999999883e-01
1.315390999999999921e-01
1.088750999999999747e-01
1.460773999999999961e-01
1.830345500000000181e-01
9.349309999999999565e-02
1.030746000000000162e-01
7.213570000000002480e-02
1.611655000000000171e-01
1.404502499999999987e-01
1.227320999999999968e-01
1.148924000000000195e-01
1.110494409999999987e-01
1.307980589999999665e-01
1.449196749999999978e-01
2.025299750000000010e-01
1.655490000000000295e-01
8.370924999999999894e-02
9.994002999999998527e-02
1.023194289999999895e-01
9.532912400000000119e-02
1.010066550000000146e-01
6.687328999999998802e-02
1.153313269999999974e-01
6.802994699999999340e-02
7.712858499999999951e-02
8.892970700000001061e-02
8.614862800000000487e-02
7.509346999999999550e-02
2.054672399999999954e-01
2.234524400000000299e-01
6.403902000000000205e-02
1.646351100000000012e-01
5.469241999999999854e-02
9.684624499999998359e-02
1.169648100000000024e-01
1.186993850000000045e-01
6.265120999999999885e-02
1.521106249999999716e-01
8.842861500000001596e-02
1.547692400000000024e-01
2.156405700000000314e-01
1.420071700000000159e-01
7.003744999999998722e-02
2.540753800000000173e-01
1.754610499999999795e-01
1.706692000000000209e-01
9.665630000000001443e-02
8.827790000000002024e-02
4.189640000000001419e-02
2.225186000000000108e-01
2.071619499999999836e-01
1.375811500000000132e-01
1.752218499999999846e-01
1.240394400000000008e-01
1.537242899999999857e-01
1.825002400000000080e-01
7.202589999999997605e-02
8.864713500000001578e-02
8.918184499999998183e-02
4.576300000000001894e-02
1.371459500000000165e-01
7.693875000000000020e-02
4.950124999999996889e-02
9.353302100000002173e-02
6.242587100000003553e-02
1.449997500000000106e-01
1.218717499999999732e-01
2.968307000000000029e-01
1.964319399999999993e-01
1.155612100000000392e-01
1.218668999999999863e-01
2.088756999999999975e-01
5.970460000000001044e-02
1.715666000000000690e-01
6.934445000000000192e-02
1.150803300000000085e-01
1.005202799999999619e-01
6.187859999999997807e-02
8.959245000000001791e-02
8.056774999999999354e-02
2.173714999999999675e-01
1.504912999999999390e-01
8.537130000000002494e-02
1.634496000000000004e-01
1.987942999999999794e-01
1.008445000000000730e-01
2.939035199999999737e-01
1.447172200000000630e-01
2.521012499999999990e-01
1.862858500000000306e-01
8.856249999999997458e-02
8.633184999999998777e-02
9.598545000000001381e-02
1.554211000000000342e-01
1.475450490000000114e-01
1.230714990000000147e-01
5.389350000000004554e-02
1.253509869999999693e-01
3.760522699999997026e-02
1.404905099999999851e-01
2.964225000000004009e-02
1.014622000000000163e-01
1.047342000000000134e-01
8.943795000000001605e-02
1.013486000000000248e-01
7.008252499999999552e-01
1.470359499999999708e-01
3.635205000000000797e-01
1.997731000000000090e-01
6.876450000000003393e-02
1.470371999999999790e-01
1.091757999999999895e-01
8.595389999999999975e-02
7.219429999999998904e-02
5.558700000000003916e-02
1.296868000000000742e-01
7.153829999999991585e-02
1.042234000000000910e-01
1.405421999999999227e-01
1.007831999999999895e-01
9.221170000000003530e-02
1.112173000000000189e-01
1.215424999999999978e-01
3.974469999999999947e-01
3.368178000000000005e-01
9.962850000000003647e-02
9.647930000000001782e-02
8.673989999999999478e-02
1.741371999999999365e-01
2.862634000000000012e-01
