FramewiseDisplacement
6.453705000000001246e-02
5.960419999999997526e-02
1.149986499999999801e-01
1.456013499999999627e-01
3.338365000000002164e-02
8.488554999999999018e-02
1.250160000000000160e-01
3.273779000000000550e-01
1.101272500000000376e-01
1.697741499999999570e-01
1.301172350000000533e-01
1.188544100000000214e-01
1.312505300000000041e-01
7.031413999999999720e-02
1.699516349999999898e-01
1.273727500000000068e-01
1.526966700000000066e-01
1.196454200000000023e-01
3.407281500000000074e-01
1.516593999999999998e-01
2.581846500000000155e-01
1.278637499999999982e-01
4.965320000000000844e-02
7.332844999999998947e-02
8.510988500000001011e-02
1.303814100000000031e-01
1.173459000000000169e-01
1.125447600000000076e-01
2.448437399999999764e-01
9.097048500000000371e-02
1.269289749999999994e-01
2.469584449999999987e-01
1.252281000000000089e-01
1.756024499999999933e-01
1.055278999999999939e-01
1.217274750000000016e-01
1.233862500000000029e-01
3.939847750000000093e-01
2.728573000000000248e-01
1.943800499999999987e-01
2.725043100000000273e-01
1.858264299999999869e-01
7.313710200000000938e-02
4.014196199999999631e-02
8.159280600000000383e-02
8.005260000000000153e-02
6.356990000000001251e-02
8.382642500000000996e-02
3.209947000000000494e-02
7.439535499999999635e-02
3.796834500000000057e-02
7.040885500000000630e-02
7.567640000000000478e-02
9.636344999999998939e-02
5.273709999999998121e-02
1.365129499999999940e-01
2.850987499999999564e-01
1.394597499999999934e-01
1.220989450000000281e-01
1.455022050000000511e-01
1.950174399999999864e-01
1.729986899999999550e-01
1.021993049999999764e-01
9.232606000000000146e-02
1.144564649999999933e-01
6.580850000000000588e-02
8.840050000000000685e-02
1.388027350000000104e-01
1.000574249999999915e-01
8.855359000000000147e-02
6.624494999999999689e-02
6.961560000000001358e-02
3.649185000000000623e-02
1.827824950000000448e-01
2.301210949999999977e-01
1.336967499999999753e-01
1.344763000000000208e-01
1.634174999999999656e-01
1.738666000000000378e-01
8.078774999999999151e-02
5.529710000000000181e-02
3.425229900000000688e-02
4.753377099999999550e-02
6.312758000000000258e-02
1.654156320000000069e-01
8.017216200000000514e-02
9.022916999999999743e-02
9.681004999999999472e-02
1.448213999999999890e-01
1.259428250000000082e-01
1.456021750000000003e-01
1.008224000000000065e-01
9.581419999999998827e-02
1.554108799999999735e-01
1.077027534999999842e-01
1.448356835000000065e-01
6.398984999999997314e-02
1.028156999999999960e-01
5.345518000000000491e-02
5.478596499999999203e-02
4.211148499999999018e-02
1.236290800000000023e-01
6.316879999999999717e-02
2.167467119999999803e-01
2.139898380000000155e-01
1.682547259999999933e-01
1.179763740000000088e-01
7.284666999999998838e-02
6.482952000000000159e-02
1.266064500000000093e-01
1.460480000000000111e-01
2.236980499999999816e-01
2.292044999999999777e-01
6.881529999999999592e-02
1.133463499999999985e-01
1.404741999999999935e-01
1.510157000000000027e-01
1.128226999999999980e-01
7.763465000000001337e-02
9.027620000000001477e-02
3.989039999999999253e-02
8.455085000000001072e-02
5.245219999999999050e-02
9.237539999999999640e-02
5.409704999999999375e-02
5.964849999999999319e-02
3.071875000000000647e-02
5.098934999999998885e-02
3.851805000000001200e-02
1.535508499999999610e-01
1.603604000000000140e-01
1.851818999999999549e-01
1.055449999999999999e-01
1.009487500000000038e-01
1.224072099999999746e-01
5.603109000000000561e-02
1.006148199999999937e-01
7.768777000000000321e-02
1.302267950000000063e-01
5.735249000000001290e-02
7.258856500000000767e-02
1.319222700000000081e-01
1.221009499999999859e-01
1.023623999999999923e-01
1.499862999999999891e-01
1.298421499999999895e-01
9.406599999999996908e-02
8.844715000000001603e-02
7.664619999999999767e-02
1.398548499999999750e-01
9.637745000000000339e-02
4.115959999999999758e-02
1.705330899999999983e-01
8.982423999999997188e-02
8.951634000000001368e-02
7.715898999999998287e-02
1.161360350000000125e-01
8.402488500000002136e-02
7.761719999999999731e-02
1.255014000000000129e-01
8.145819999999999450e-02
4.618119999999999864e-02
3.697710000000000580e-02
9.645179999999997644e-02
9.611578999999997874e-02
9.521230999999999445e-02
1.606383100000000064e-01
1.440997900000000331e-01
1.111617999999999634e-01
1.685741899999999849e-01
1.360558399999999835e-01
1.189326500000000147e-01
6.426084000000001351e-02
6.312394999999998424e-02
6.087800000000000156e-02
6.197417500000000634e-02
4.658484500000001360e-02
1.124562600000000023e-01
5.968889999999998919e-02
9.653459999999998431e-02
1.070924999999999794e-01
1.286811499999999941e-01
1.682212999999999903e-01
7.755475499999998912e-02
1.466314950000000283e-01
5.453830000000001871e-02
8.856195000000000039e-02
2.120027499999999621e-01
9.321005000000000262e-02
9.720229999999999149e-02
1.014162499999999856e-01
2.028656500000000085e-01
2.066574500000000203e-01
1.169728000000000018e-01
7.599279999999998536e-02
1.085828999999999822e-01
7.467229999999999701e-02
9.890664999999999873e-02
1.088410499999999947e-01
1.379582999999999782e-01
1.499044499999999946e-01
4.317231000000000263e-01
2.826752000000000153e-01
1.944318999999999908e-01
1.434729799999999722e-01
6.626606999999999636e-02
3.256969999999999310e-02
1.315228999999999704e-01
