FramewiseDisplacement
4.554795000000002453e-02
7.239533000000000773e-02
9.708558000000003241e-02
5.407865000000000588e-02
7.545200000000004681e-02
5.662364999999997678e-02
5.242649999999998006e-02
1.344374899999999928e-01
1.659761800000000009e-01
2.910210999999995538e-02
8.423492000000001867e-02
8.663230999999997628e-02
6.661389999999996203e-02
1.806749999999997941e-02
8.612874000000002306e-02
4.208544999999996178e-02
1.087345000000000395e-01
4.645945999999999410e-02
5.203856999999999233e-02
5.065171999999999730e-02
2.599682999999999508e-02
3.454680999999997643e-02
8.179034000000000304e-02
8.549160000000000093e-02
1.616129999999999997e-02
4.613549999999998208e-02
5.477944999999998649e-02
5.154315000000000285e-02
3.443489999999999746e-02
6.115170000000000328e-02
1.155298000000000019e-01
6.174189999999997458e-02
5.346950000000001008e-02
5.740668999999998245e-02
5.703915999999999153e-02
7.643381000000000480e-02
4.188840999999998704e-02
6.208444999999999242e-02
4.025696499999999178e-02
6.367644499999998431e-02
9.721339999999999149e-02
3.870105999999999546e-02
5.477653000000000383e-02
5.822256999999998739e-02
1.277928700000000029e-01
9.403933999999999904e-02
7.968632000000000493e-02
3.789864999999999207e-02
5.668903000000000830e-02
9.342886000000000246e-02
8.272955999999997978e-02
4.464969500000001007e-02
7.388688500000001325e-02
4.018520000000000425e-02
1.032534200000000124e-01
7.906854999999997358e-02
4.334107999999998323e-02
7.108269600000002852e-02
5.859280400000000527e-02
3.394835000000000214e-02
3.414121999999999990e-02
1.111010800000000048e-01
1.133492100000000197e-01
8.775591400000001818e-02
3.791002400000000744e-02
8.413760300000000525e-02
4.360880299999999460e-02
3.566392499999999216e-02
4.328217499999997830e-02
4.651046000000001734e-02
4.510010800000000680e-02
5.565176999999998930e-02
5.969433000000000378e-02
6.102852000000001664e-02
4.736384000000000427e-02
6.550512000000000001e-02
1.343367099999999981e-01
1.941164199999999840e-01
8.373557000000000916e-02
3.350822000000000522e-02
6.658549000000001106e-02
7.809009499999999826e-02
8.975349500000000258e-02
3.565038499999998584e-02
8.813601499999998423e-02
1.122009849999999892e-01
8.612127499999998326e-02
2.128423499999999857e-02
6.118185500000000027e-02
9.730360000000000398e-02
5.152036000000000115e-02
7.955951999999999469e-02
1.213956700000000111e-01
8.952945199999998160e-02
1.116996480000000125e-01
7.295116499999998450e-02
3.989962399999999465e-02
1.064541189999999860e-01
1.164631100000000086e-01
4.878295999999999327e-02
6.229175850000001624e-02
3.403096249999999767e-02
6.856748999999999483e-02
9.040143000000000484e-02
5.660335000000000366e-02
5.763680999999999666e-02
4.222764999999999158e-02
2.774624499999999577e-02
1.624070840000000071e-01
1.612485790000000307e-01
7.243981000000000725e-02
1.718615999999999755e-01
1.916910000000000003e-01
5.527707000000001841e-02
7.024827999999999628e-02
1.015439399999999992e-01
1.024349109999999896e-01
2.689749899999998445e-02
8.554553200000003521e-02
8.906640000000001778e-02
4.671039999999997833e-02
4.955940000000000345e-02
1.176438100000000014e-01
1.073526099999999733e-01
6.391265999999998226e-02
5.934195000000000442e-02
6.625879999999999270e-02
6.659737250000001552e-02
2.554372850000000833e-02
4.760095000000001686e-02
5.900995000000004015e-02
1.044125510000000062e-01
3.747385100000000246e-02
5.989191400000000443e-02
8.118476299999997925e-02
6.260304999999997955e-02
3.810542499999999139e-02
4.996077499999999894e-02
8.670985000000001885e-02
6.904180000000002815e-02
6.241080100000003655e-02
1.797460000000002112e-02
9.195185099999997336e-02
2.440049999999997776e-02
3.224491000000002244e-02
7.108381000000001115e-02
3.419179999999997360e-02
8.927829999999999100e-02
1.125577000000000383e-01
8.000825000000003073e-02
3.440046000000000770e-02
7.327299000000002394e-02
3.174650000000003858e-02
6.350680000000002989e-02
6.430204999999999949e-02
9.313820000000000432e-02
1.141747500000000054e-01
6.348529999999996676e-02
9.496470000000004075e-02
7.549315000000003661e-02
7.679730000000004053e-02
2.663830000000000364e-02
9.541103000000003553e-02
1.139699300000000248e-01
1.029156990000000133e-01
6.814805100000000115e-02
2.346660000000000065e-02
3.744859999999999856e-02
8.919690999999999037e-02
1.095092899999999814e-01
4.695840000000001124e-02
7.351080000000004278e-02
1.246190000000000075e-01
7.210043000000003477e-02
6.947291999999999357e-02
5.678709999999995844e-02
3.276184999999996739e-02
3.877541999999999101e-02
5.861788000000001109e-02
4.945615000000001815e-02
5.741270000000001095e-02
9.325749999999999318e-02
5.136042999999999858e-02
6.003562999999997873e-02
7.580440000000002176e-02
7.161240000000002048e-02
3.539409999999996309e-02
9.148899000000002002e-02
4.294438999999998507e-02
8.656978899999995258e-02
