FramewiseDisplacement
1.004606000000000388e-01
3.974805999999999617e-01
9.344955000000003398e-02
2.267179499999999737e-01
1.193392500000000217e-01
1.429540999999999729e-01
1.363864999999999661e-01
1.206516999999999451e-01
1.417799999999999894e-01
1.434463000000000543e-01
6.426895000000007463e-02
9.575384999999997371e-02
1.832607000000000541e-01
5.997479999999998784e-02
1.793871999999999689e-01
1.390208500000000846e-01
2.192498500000000239e-01
1.861101000000000838e-01
3.081191299999999633e-01
2.308828900000000350e-01
9.813062999999998259e-02
6.616276999999998187e-02
1.021891300000000308e-01
1.534187800000000323e-01
1.212453900000000362e-01
1.603352950000000166e-01
8.900144499999994296e-02
9.856785999999997938e-02
1.402272999999999714e-01
1.054418699999999792e-01
4.329349999999995702e-02
9.567052000000000889e-02
1.424837100000000134e-01
1.302867299999999895e-01
2.316834300000000790e-01
2.643934600000000246e-01
8.092875900000000566e-01
8.025968499999999173e-01
2.199471699999999974e-01
3.379979400000000522e-01
8.717532999999996757e-02
1.809512000000000342e-01
1.544919800000000287e-01
1.671081600000000056e-01
1.199905200000000033e-01
6.001831000000001914e-02
1.316913259999999974e-01
1.367873060000000252e-01
7.982851999999998616e-02
1.075197400000000025e-01
1.859950600000000176e-01
1.105527400000000104e-01
1.435162899999999908e-01
1.091071399999999914e-01
2.420914799999999978e-01
1.649182299999999990e-01
3.517140999999999740e-01
8.013255999999999712e-01
3.168693000000000204e-01
8.051470000000000848e-02
1.846959999999999991e-01
1.200614400000000054e-01
2.505120599999999809e-01
1.931600200000000156e-01
1.972917999999999894e-01
1.215683500000000195e-01
4.672309999999998964e-02
2.677355000000000151e-01
5.175060499999999397e-01
7.364047999999999705e-01
2.991978000000000137e-01
1.345302999999999916e-01
2.804307999999999801e-01
7.022241000000000177e-01
1.101336799999999894e+00
2.064808699999999941e+00
8.372853000000000101e-01
6.894308000000000103e-01
2.679665999999999992e-01
4.378744000000001080e-01
4.810017500000000057e-01
1.612638000000000127e-01
3.834626999999999897e-01
2.207008499999999207e-01
2.760140000000000371e-01
3.392726999999999826e-01
2.433356000000000408e-01
3.717464500000000061e-01
1.041146452000000000e+00
4.158749519999999644e-01
3.279568500000000220e-01
2.988647999999999860e-01
2.999305499999999625e-01
5.221316500000000582e-01
4.067550749999999660e-01
2.816225199999999873e-01
4.478315350000000028e-01
1.551543700000000137e-01
1.282360545000000296e-01
1.535565355000000076e-01
4.010164999999998869e-02
1.027074000000000320e-01
2.056494900000000459e-01
1.958023799999999981e-01
1.464298800000000123e-01
1.827335599999999893e-01
1.693379059999999825e-01
2.032788409999999879e-01
1.681883049999999824e-01
1.743390400000000284e-01
9.658655000000003488e-02
1.975828400000000096e-01
4.593844900000000342e-01
2.082655900000000559e-01
1.681346599999999913e-01
1.566549100000000083e-01
2.076934299999999844e-01
3.014701499999999923e-01
2.498016750000000286e-01
1.365121500000000265e-01
1.361273199999999961e-01
2.218636050000000193e-01
1.726884500000000489e-01
2.199165249999999738e-01
1.367721349999999891e-01
1.426634950000000013e-01
1.270252050000000021e-01
2.542269000000000334e-01
3.984615000000000240e-01
4.916256700000000146e-01
1.517625499999999961e-01
1.023921299999999840e-01
1.846870049999999874e-01
9.746334549999999819e-01
1.963792849999999923e+00
3.282720749999999965e-01
2.268920000000000381e-01
2.114912000000000181e-01
2.125319500000000250e-01
2.071278500000000300e-01
2.537888249999999957e-01
1.948918899999999843e-01
1.804902149999999816e-01
1.221990249999999889e-01
7.356849999999998113e-02
3.795001999999999542e-01
3.691336000000000062e-01
6.052673450000000122e-01
1.727542949999999744e-01
3.580099099999999868e-01
1.698027400000000076e-01
1.085467200000000271e-01
1.737208000000000363e-01
1.078493999999999425e-01
2.194109700000000107e-01
2.398658820000000025e-01
7.718593799999998173e-02
1.113777399999999751e-01
9.600257000000002316e-02
2.082003200000000498e-01
2.061951800000000057e-01
5.779639000000003080e-02
1.164515700000000459e-01
1.129127500000000617e-01
2.023624300000000098e-01
2.574334749999999672e-01
2.454541749999999967e-01
2.329877599999999882e-01
1.722559600000000135e-01
1.684109300000000420e-01
1.591661699999999957e-01
1.724340000000000594e-02
1.565744999999999776e-01
7.959460000000001534e-02
1.103637999999999980e-01
7.193654999999998800e-02
7.591875000000000706e-02
9.191359999999999808e-02
1.863663900000000484e-01
7.922703000000003160e-02
1.391974300000000386e-01
1.695132100000000253e-01
1.661211400000000005e-01
1.665043699999999849e-01
2.452282390000000700e-01
1.052026810000000201e-01
5.657901000000001984e-02
1.180634699999999621e-01
1.689168699999999690e-01
1.334326300000000520e-01
