FramewiseDisplacement
1.458016000000000589e-01
1.101909000000000499e-01
4.263240000000001473e-02
2.931119999999997131e-02
6.434289999999998066e-02
9.549640000000000906e-02
1.507398750000000232e-01
2.932311750000000106e-01
8.806425000000002445e-02
1.178678599999999910e-01
1.756286100000000461e-01
2.307757400000000070e-01
5.405728400000000544e-01
2.737443999999999433e-01
3.119418000000000468e-01
2.406319499999999278e-01
2.353908400000000345e+00
4.317495000000001193e-01
1.966710000000002068e-01
3.557190000000000074e-01
1.810010999999998871e-01
3.120501000000001635e-01
9.807302499999999146e-01
4.271397499999999292e-01
2.504691750000000439e-01
1.581983749999999189e-01
1.736872000000000693e-01
2.105833499999999192e-01
5.588486999999999760e-01
2.510431499999999927e-01
1.420144000000000128e-01
1.705559000000000103e-01
1.642555000000000265e-01
9.240213500000000746e-01
2.775388500000000480e+00
5.926019999999998511e-01
6.948730000000002960e-01
1.543686559999999819e+00
4.845135950000000191e-01
3.336168050000000163e-01
3.227335000000000065e-01
1.764777999999999902e-01
1.427997500000000586e-01
1.770330000000000237e-01
1.134899000000000047e-01
1.341930500000000082e-01
1.056733499999999576e-01
1.106599499999999653e-01
7.875505000000003475e-02
1.201220500000000496e-01
6.883565000000001211e-02
5.261200000000000321e-01
8.395780000000002685e-01
1.538470000000000948e-01
2.598409999999999331e-01
2.312654999999999850e-01
2.530555000000000443e-01
4.031748500000000290e-01
2.864980999999999778e-01
9.446774999999994760e-02
4.764145000000005042e-02
4.832579999999995352e-02
7.741464999999993213e-02
5.617105000000003484e-02
1.133177999999999547e-01
6.303449999999999331e-02
8.551715000000002787e-02
2.228472000000000786e-01
3.423228999999999855e-01
3.767280000000000073e-01
2.051240000000001118e-01
2.536966999999999972e-01
1.228613499999999942e-01
6.725515499999999980e-01
2.482056999999999458e-01
2.566279500000000491e-01
9.800940000000001040e-02
1.148833999999999550e-01
1.348532000000000064e-01
1.776264499999999358e-01
1.262573999999999641e-01
1.247649999999999731e-01
1.299511000000000138e-01
1.042340000000000211e-01
1.161191500000000321e-01
1.463514500000000218e-01
1.910041500000000114e-01
1.340037499999999493e-01
1.422196500000000308e-01
1.268669650000000093e+00
1.026206349999999823e+00
4.422765499999999905e-01
1.419004999999999850e-01
7.310445000000000138e-02
5.497799999999999215e-02
5.841667999999999167e-02
1.576390300000000411e-01
1.574740200000000478e-01
9.583748000000000267e-02
4.236689999999999900e-02
1.195222999999999980e-01
6.765507000000001159e-02
1.387237000000000053e-01
1.133198514999999990e-01
1.661232905000000204e-01
1.174088149999999997e-01
1.453892250000000108e-01
7.111892500000001338e-02
2.640270799999999696e-01
4.468513499999999805e-01
2.021380000000000121e-01
2.699857799999999530e-01
3.322624299999999975e-01
1.559676500000000132e-01
2.394085000000000657e-02
5.656364999999998616e-02
1.122676500000000105e-01
1.203786500000000037e-01
1.292028199999999960e-01
8.704389999999999350e-02
5.844067000000000012e-02
1.022131500000000026e-01
1.528469799999999934e-01
4.586970699999998735e-01
5.947308000000000039e-01
5.350393060000000478e-01
1.896912060000000844e-01
7.372794000000001402e-01
1.193522499999999931e-01
1.229183500000000095e-01
3.491193999999999131e-01
9.261786250000001441e-01
4.006509249999999911e-01
5.762670000000000847e-01
1.758084000000000036e-01
2.356805999999999346e-01
1.813251000000001001e-01
3.854786000000000046e-01
1.506545000000000523e-01
1.519064999999999999e-01
1.810359999999998637e-01
6.513799999999993207e-02
1.791315000000001934e-01
1.543570000000000775e-01
7.175799999999998846e-02
7.461699999999996114e-02
2.285115750000000112e+00
4.212852500000000555e-01
1.818808000000000202e+00
3.312354000000002352e-01
1.682976999999999668e-01
2.585067999999998700e-01
2.315834999999999699e-01
1.195607000000000891e-01
1.147077000000000235e-01
1.242166999999999577e-01
2.451856999999999509e-01
7.429700000000002968e-02
1.539539999999999242e-01
5.750400000000012446e-02
1.509115000000000872e-01
8.547200000000017284e-02
1.155699999999999922e-01
2.432412100000000077e+00
3.153058499999999986e-01
1.830745500000000303e-01
1.065480299999999936e+00
2.853277999999999648e-01
2.528511999999999427e-01
2.185026999999999942e-01
2.332916999999999907e-01
5.002027600000000795e-01
2.483407599999999105e-01
3.365453999999998835e-01
1.723798999999998915e-01
1.330788999999998889e-01
1.465374999999999595e-01
2.237568999999999253e-01
9.880850000000000743e-02
7.089650000000016772e-02
1.400910999999998852e-01
1.332890999999999104e-01
2.569301999999999975e-01
1.132796999999999554e-01
1.252371999999999930e-01
2.442238000000000187e-01
1.920690000000002118e-01
8.350399999999980061e-02
7.299599999999994981e-02
9.689300000000010404e-02
3.989199999999996221e-02
1.670590000000000408e-01
1.310685000000000044e-01
1.573289999999999966e-01
8.870300000000012897e-02
1.453985000000000138e-01
1.377140000000000586e-01
8.272865000000001467e-02
1.139397999999998967e-01
1.722693499999998767e-01
6.150518999999998737e-01
1.884489399999999870e+00
2.799322499999998826e-01
2.860865499999999950e-01
9.045111000000002344e-01
1.902237999999999152e-01
3.597727999999999482e-01
1.618576500000000751e-01
