FramewiseDisplacement
6.099650000000002292e-02
6.235904999999999226e-02
9.537559999999999094e-02
5.116794999999999677e-02
3.210599999999999565e-02
5.551909999999998097e-02
4.344438000000001160e-02
1.053618300000000174e-01
6.980381000000000780e-02
6.752334000000000114e-02
1.157897999999999705e-01
2.415684999999998320e-02
7.960375000000001477e-02
1.187031999999999810e-01
1.093414999999999804e-01
1.084848999999999813e-01
2.871646499999999658e-01
1.535328499999999707e-01
6.983032999999999602e-01
2.047879999999999978e-01
3.459186500000000497e-01
3.783509500000000192e-01
1.239524499999999918e-01
8.298779000000000572e-02
4.412219999999998643e-02
7.814559000000001476e-02
7.802195000000002045e-02
1.430882799999999844e-01
1.431538499999999992e-01
6.179629999999999151e-02
6.072885000000001476e-02
3.366104999999999792e-02
4.437660499999999258e-02
6.169915499999999858e-02
1.294059800000000038e-01
1.121396949999999837e-01
1.969363849999999916e-01
1.828632800000000169e-01
1.387113700000000005e-01
1.569326299999999896e-01
8.517344999999999777e-02
3.677144999999999025e-02
6.667106999999999895e-02
8.423800500000000469e-02
6.574131499999999462e-02
1.726476999999999179e-02
3.767434999999998146e-02
8.676233999999999336e-02
9.328059999999999130e-02
1.140696399999999999e-01
5.027473999999999832e-02
4.967292999999999709e-02
1.057526150000000081e-01
9.845254500000000242e-02
4.971411000000000580e-02
1.411350500000000119e-01
4.939330000000000803e-02
5.528459999999999624e-02
3.126695000000000169e-02
6.894336000000000908e-02
7.312931000000001680e-02
5.693925999999998461e-02
6.376381000000000410e-02
4.440051599999999404e-02
7.214559399999999345e-02
1.612048000000000092e-01
1.299260049999999833e-01
3.575270500000000268e-02
4.589759500000000630e-02
6.759671500000000166e-02
9.631647000000000125e-02
1.153059800000000024e-01
6.238083999999999990e-02
6.735484000000001303e-02
1.174208999999999947e-01
1.289456499999999950e-01
4.885517500000000624e-01
4.507025000000000059e-01
1.650064300000000095e-01
6.089355499999999505e-02
1.012870049999999855e-01
8.589908999999999739e-02
1.403185100000000074e-01
1.363486600000000104e-01
1.809613350000000009e-01
1.099245350000000038e-01
1.042927700000000069e-01
8.945110400000001738e-02
4.710215400000000024e-02
5.368102999999999764e-02
4.360095000000000637e-02
8.031433500000001446e-02
1.612711649999999941e-01
5.387022649999999996e-02
1.007387609999999961e-01
8.642480050000000968e-02
4.726592999999999767e-02
5.739683000000000979e-02
9.932279000000000801e-02
7.815758999999999901e-02
6.023523000000000072e-02
1.063867450000000187e-01
7.714932500000001858e-02
9.281300000000000661e-02
5.666136599999999079e-02
7.841517600000000310e-02
4.764834500000000167e-02
3.371945800000000076e-02
2.800994999999999180e-02
6.659439299999998785e-02
9.486394399999999172e-02
1.279039700000000057e-01
1.529957700000000309e-01
8.802200999999999775e-02
1.127741249999999890e-01
9.801120500000000402e-02
4.725186999999998749e-02
3.184085000000000387e-02
6.924748999999999488e-02
2.440272500000000011e-02
2.970717000000000843e-02
4.573319500000000426e-02
1.544017799999999885e-01
4.996666499999999345e-02
7.126485500000000195e-02
9.680713000000000512e-02
9.522432999999998204e-02
6.401806999999999637e-02
3.637085300000000299e-01
1.619187500000000002e-01
1.195200500000000166e-01
4.903910999999999687e-02
6.363071000000000699e-02
1.006281999999999871e-01
7.823334999999997930e-02
2.914024999999999255e-02
1.582195000000000129e-02
3.943030000000000840e-02
4.260464999999999391e-02
2.080204999999998514e-02
2.935770000000000046e-02
1.095448499999999853e-01
3.119540000000001201e-02
5.736845000000000139e-02
8.368406999999998541e-02
4.608304499999998916e-02
1.262841249999999971e-01
2.163459000000000076e-01
1.077813499999999980e-01
1.386196100000000042e-01
1.444706099999999993e-01
1.405135499999999871e-01
1.236318500000000153e-01
1.563412999999999886e-01
1.313781999999999728e-01
5.186939999999998913e-02
4.318749999999998979e-02
2.315650000000000694e-02
3.220748000000001054e-02
5.425587999999999939e-02
4.981399999999999717e-02
9.442385000000000361e-02
5.402494999999998826e-02
1.246481499999999992e-01
1.711001499999999786e-01
1.323510199999999859e-01
1.694749700000000026e-01
2.253976499999999772e-01
1.457474000000000269e-01
1.152004500000000098e-01
1.521494500000000194e-01
9.375940000000000663e-02
2.800368400000000091e-01
2.262025500000000022e-01
1.856578899999999921e-01
6.364590000000000525e-02
5.700478999999999963e-02
1.010643399999999886e-01
8.781215000000000548e-02
1.063165000000000082e-01
1.105210500000000096e-01
2.343320000000000125e-01
2.571024000000000087e-01
1.099962700000000071e-01
1.451430900000000024e-01
1.188603600000000260e-01
7.683783400000000485e-01
7.392333000000000931e-01
7.944278000000000173e-01
3.424336400000000391e-01
