FramewiseDisplacement
2.092581499999999761e-01
7.042140000000005062e-02
7.432405000000004425e-02
5.233119999999999439e-02
9.234969999999999291e-02
1.210548999999999653e-01
1.562987999999999600e-01
1.362797799999999893e-01
1.286813299999999549e-01
4.262304999999998179e-02
2.023148999999999920e-01
1.330745999999999596e-01
8.765339999999997855e-02
1.245191300000000056e-01
3.515944300000000688e-01
5.377104700000001625e-01
2.943966960000000133e-01
1.070116460000000158e-01
1.640304700000000393e-01
2.562100500000000225e-01
2.200466400000000711e-01
1.331508499999999595e-01
8.017100000000000615e-02
4.468271000000001436e-02
6.306809999999997418e-02
7.836610000000002185e-02
1.558762600000000165e-01
5.999317999999998624e-02
6.347562999999997735e-02
5.729809999999999071e-02
5.966026999999997360e-02
1.258907799999999799e-01
4.133151999999999660e-02
1.063008800000000004e-01
1.038488799999999906e-01
1.242430499999999938e-01
4.632380999999999999e-02
1.578580899999999787e-01
1.631025500000000406e-01
1.373291364999999764e-01
1.414609564999999847e-01
1.841121199999999625e-01
1.135563299999999692e-01
1.504412099999999919e-01
2.128477999999997192e-02
1.425707999999999975e-01
8.200109999999999344e-02
7.204865000000001962e-02
9.805640000000000189e-02
1.248214599999999952e-01
2.042918299999999798e-01
6.467899000000000564e-02
1.502993300000000088e-01
9.081514000000001641e-02
1.284096100000000074e-01
1.076022299999999932e-01
1.388568000000000024e-01
1.212253000000000080e-01
1.117643799999999965e-01
6.339415000000001021e-02
3.727202999999999072e-02
1.334669800000000128e-01
9.277888999999998887e-02
7.606792999999999194e-02
2.340552999999999037e-02
8.331220999999999766e-02
3.962526999999998328e-02
5.533307000000000503e-02
7.479954999999999243e-02
1.046368500000000173e-01
5.310305000000000580e-02
1.301965500000000220e-01
4.714895000000002279e-02
4.555110999999999882e-02
1.138118800000000042e-01
8.707670000000000687e-02
1.195479499999999862e-01
1.069426700000000036e-01
8.005255000000000010e-02
4.535424999999998485e-02
1.326515359999999866e-01
3.071977600000000766e-02
9.181334000000000717e-02
9.050201000000000773e-02
9.411250000000000171e-02
4.033528000000000807e-02
6.786252500000000687e-02
7.410237000000000074e-02
1.275973950000000301e-01
1.266146000000000216e-01
8.277535999999999228e-02
5.698420999999999348e-02
9.378953999999999069e-02
7.341920200000000285e-02
2.315389999999999671e-01
5.662781420000000399e-01
3.546717499999999523e-01
1.447554000000000340e-01
2.015552199999999794e-01
7.431051999999999103e-02
7.286184999999999190e-02
9.805586999999998943e-02
7.225358000000001168e-02
1.163657500000000178e-01
1.203132500000000105e-01
4.776274999999999965e-02
9.768425000000000025e-02
6.379765000000002517e-02
1.773552300000000026e-01
8.010108000000000505e-02
1.997089999999999976e-01
1.703778000000000237e-01
1.645194600000000340e-01
8.747287000000002199e-02
8.072607799999999278e-02
6.828982799999999687e-02
4.756409999999999111e-02
1.447203999999999990e-01
1.007557000000000036e-01
3.972179500000000418e-02
1.894164500000000001e-02
6.963962499999999667e-02
9.692411499999997737e-02
5.988339999999999635e-02
1.722320000000000448e-02
9.726606000000000141e-02
3.384508600000000200e-01
8.260462000000000637e-01
3.883804500000000437e-01
2.664999400000000462e-01
1.204770399999999797e-01
9.728114999999999679e-02
1.745243999999999962e-01
2.616564000000000112e-01
8.021979999999993838e-02
1.477345999999999937e-01
1.393217499999999665e-01
3.330864999999999521e-02
1.429646760499999891e-01
8.221003999999998424e-02
2.291908700000000812e-02
4.899847299999999378e-02
6.647734199999999483e-02
3.766311799999999543e-02
1.040631400000000123e-01
1.515713510499999972e-01
6.741482499999999767e-02
6.639327604999999133e-02
1.136009760500000104e-01
1.443756499999999943e-01
2.211463129999999833e-01
5.355336700000000449e-02
8.435267999999999933e-02
1.125826899999999992e-01
7.888094999999999135e-02
1.125012999999999846e-01
1.639360710000000443e-01
9.639395900000000128e-02
7.057985999999999427e-02
6.742509999999998782e-02
3.267437000000000119e-02
4.057267999999999986e-02
1.014939800000000114e-01
9.131618000000001067e-02
1.670712500000000045e-01
7.056104999999998628e-02
6.661789999999999379e-02
1.167248499999999911e-01
9.543052999999999952e-02
1.111778300000000053e-01
2.958960000000001103e-02
1.215621500000000077e-01
2.538649999999998894e-02
9.328664999999998486e-02
9.042729999999998824e-02
1.242321000000000120e-01
1.408946800000000221e-01
1.119383199999999939e-01
1.225727000000000066e-01
1.246296000000000070e-01
5.357985000000001219e-02
7.134572000000001524e-02
1.467814199999999958e-01
1.610081999999999902e-01
3.753581500000000015e-01
4.341356400000000448e-01
5.281818700000000533e-01
3.718386149999999835e-01
1.935738049999999877e-01
1.815210500000000171e-01
