FramewiseDisplacement
1.610880000000000645e-01
4.221179999999999377e-01
1.660844999999999683e-01
3.074049999999999283e-01
1.448059999999999903e-01
1.721709999999999630e-01
8.286150000000012950e-02
7.671300000000000341e-02
1.608320000000001970e-01
2.499435000000000962e-01
1.638964999999999450e-01
1.470945000000000447e-01
1.497580000000000855e-01
1.267524999999998792e-01
2.079174999999998941e-01
4.958969999999999767e-01
2.467607650000000152e+00
3.028125550000000388e+00
5.124514900000000095e-01
1.784583899999999113e-01
3.336340000000002637e-01
4.493651499999998244e-01
5.838417800000000879e-01
6.563104699999999792e-01
3.499890500000000237e-01
3.093799500000000147e-01
1.488232000000000443e-01
2.180414089999999916e-01
2.052441989999999605e-01
2.906077749999999571e-01
3.271384299999999801e-01
1.739366350000000616e-01
1.522029199999999916e-01
3.649039800000000722e-01
3.333655299999999655e-01
7.832948000000000688e-01
1.317897444999999834e+00
9.521238999999993846e-02
3.582807450000000671e-01
1.921577150000000067e+00
1.057123250000000070e+00
3.072792499999998928e-01
1.459799500000000250e-01
1.324211499999999875e-01
7.231059999999997490e-02
9.841984999999996153e-02
1.197765500000000372e-01
1.885324800000000300e-01
4.075998200000000571e-01
1.367160000000000597e-01
4.167127499999999651e-01
2.590398000000000422e-01
2.564433499999999588e-01
1.102805280000000110e+00
4.784015370000000544e+00
3.166909695000000191e+00
3.340057449999999650e-01
7.068740999999999497e-01
5.441452999999999429e-01
2.655121000000000286e-01
1.370348999999999873e-01
1.336998000000000075e-01
1.090424000000000115e-01
9.293850000000000722e-02
1.497717499999999813e-01
2.385981699999999706e-01
2.016523600000000027e-01
3.895477399999999757e-01
1.540146199999999910e-01
4.161904000000000714e-01
3.456336050000000437e+00
2.313476314999999950e+00
2.705215969999999803e+00
7.909276849999999914e-01
5.162768299999999089e-01
4.857323100000000005e-01
2.644445200000000162e-01
1.473054149999999951e-01
1.936039200000000127e-01
1.034139499999999906e-01
1.220170349999999959e-01
8.077204999999999802e-02
2.734910399999999631e-01
2.901780949999999693e-01
2.718262550000000166e-01
1.052296400000000409e-01
1.863199899999999909e-01
3.226686700000000463e-01
1.954006579999999937e+00
7.234555220000000730e-01
1.271555569999999746e-01
3.077340077999999868e-01
2.633915071999999857e-01
2.001983699999999866e-01
2.774436720000000300e-01
2.271502899999999492e-01
2.117209339999999718e-01
9.670354799999998641e-02
1.810470899999999939e-01
1.731704249999999889e-01
3.291896850000000097e-01
4.634919974999999748e-01
2.547403924999999680e-01
2.377157249999999611e-01
3.226500247899999341e-01
2.440644347900000344e-01
2.089346999999999732e-01
3.214048000000002681e-02
2.019605200000000045e-01
3.294441499999999912e-01
2.027044974999999694e-01
9.714377249999996133e-02
1.885836049999999875e-01
3.638904049999999724e-01
1.112581800000001092e-01
1.531729700000000194e-01
2.693583999999998868e-01
9.991834999999997524e-02
3.124688250000000056e-01
1.936909750000000430e-01
3.175908099999999457e-01
2.265717799999999449e-01
2.899464149999998464e-01
2.615852949999999399e-01
2.979386000000000534e-01
3.764870250000000862e-01
4.113681049999999839e-01
2.633234799999999987e-01
1.447952900000000764e-01
4.277678900000000395e-01
2.051025150000001518e-01
2.912491149999999474e-01
2.636772499999999186e-01
3.168954500000000785e-01
1.688917000000000335e-01
1.167139500000001218e-01
4.450539999999995194e-02
1.784724800000000999e-01
2.781427800000000894e-01
3.012534950000000378e-01
3.546923949999998826e-01
3.131352999999998388e-01
3.370085999999997695e-01
1.626125499999998836e-01
8.695939999999997838e-02
1.539744049999999531e-01
2.087718649999999454e-01
3.142759700000000711e-01
3.326515200000001449e-01
4.282544000000000350e-01
2.154828300000001529e-01
8.445254999999995960e-02
2.990328299999999717e-01
3.796767300000000178e-01
2.809400000000000230e-01
1.077409000000001255e-01
1.161102500000000676e-01
1.228147499999999864e-01
1.934964499999999588e-01
8.368965000000003207e-02
4.479979499999999781e-01
3.055418999999999219e-01
2.772214000000000067e-01
2.373755499999999075e-01
2.594592000000001120e-01
2.396732000000000307e-01
1.154750500000000513e-01
2.060125999999999902e-01
1.362501999999999880e-01
8.788999999999992652e-02
7.276940000000005349e-02
1.610603499999999910e-01
1.978076500000000570e-01
2.085848500000000161e-01
2.600050999999999335e-01
3.733600499999999434e-01
2.494694350000000727e-01
1.291311850000000927e-01
9.061879999999999935e-02
1.685051000000001020e-01
2.231774999999999731e-01
3.737238200000000399e-01
1.361461200000001759e-01
1.294536489999999818e+00
2.858728229999999426e-01
2.273578680000000185e-01
1.200855299999999543e-01
1.785824550000000288e-01
1.153226649999999631e-01
1.525648750000000164e-01
