FramewiseDisplacement
1.404209899999999955e-01
1.537837399999999466e-01
1.156923000000000257e-01
1.680238640000000228e-01
9.989804470000000769e-02
1.984895845000000103e-01
2.734304947999999791e-01
2.257043800000000100e-01
2.131249199999999955e-01
2.047397478999999632e-01
2.045737753000000103e-01
1.401254694000000078e-01
2.231624468000000250e-01
2.442464999999999775e-01
2.389305999999999652e-01
1.236761500000000125e-01
1.822264000000000106e-01
2.184045499999999473e-01
8.768955000000000499e-02
1.813821999999999934e-01
2.105069000000000246e-01
1.278281000000000556e-01
1.559668000000000443e-01
2.034648000000000012e-01
1.554969999999999686e-01
1.663055999999999701e-01
1.205563999999999941e-01
2.509938000000000446e-01
2.230801999999999508e-01
1.473127000000000464e-01
2.179972500000000313e-01
2.438146399999999714e-01
8.855375999999999526e-02
1.560009700000000166e-01
2.586243500000000028e-01
2.671845000000000470e-01
2.629007999999999901e-01
2.163265500000000063e-01
8.945979000000001125e-02
2.202895600000000231e-01
2.061438299999999724e-01
2.883052500000000129e-01
1.730616900000000180e-01
9.530769000000000046e-02
1.104172500000000501e-01
2.027202499999999907e-01
1.920246999999999926e-01
1.503803499999999960e-01
7.119554999999999634e-02
2.208904000000000145e-01
3.209952000000000361e-01
8.548845000000003524e-02
3.155637600000000265e-01
2.920814099999999858e-01
7.349282000000000037e-02
1.935973899999999803e-01
2.685591400000000295e-01
1.717950200000000205e-01
6.229206000000000326e-02
1.167954499999999673e-01
6.900383999999999685e-02
1.008883000000000002e-01
1.689997925000000234e-01
1.884315425000000210e-01
1.441088149999999735e-01
1.544901650000000126e-01
1.947022000000000197e-01
2.140729199999999721e-01
1.954754699999999845e-01
1.618553000000000353e-01
1.221585000000000032e-01
7.923317000000000554e-02
1.250302699999999989e-01
8.190620999999999319e-02
1.608074350000000263e-01
1.324565750000000208e-01
1.390390950000000014e-01
9.694799500000000902e-02
9.593984999999999319e-02
9.641079999999999095e-02
1.817269999999999996e-01
2.836883299999999886e-01
1.887027149999999931e-01
1.173903389999999825e-01
6.803781900000001326e-02
1.771744850000000204e-01
1.767928099999999947e-01
2.042223199999999850e-01
2.676089599999999513e-01
1.036310299999999990e-01
1.805083350000000197e-01
1.683186250000000272e-01
1.068179499999999948e-01
8.179651000000001670e-02
2.314953979999999911e-01
2.343570970000000420e-01
1.021663950000000209e-01
1.992912599999999979e-01
3.098280800000000057e-01
2.277010800000000001e-01
1.344267499999999838e-01
1.508764400000000006e-01
2.443387900000000279e-01
2.141481199999999974e-01
1.537157100000000054e-01
1.262888799999999923e-01
1.310166100000000056e-01
2.384139299999999961e-01
1.961033999999999833e-01
2.538477000000000094e-01
2.575114374999999955e-01
1.214148724999999929e-01
1.637003099999999878e-01
1.890802300000000158e-01
1.316807899999999920e-01
2.051580600000000032e-01
1.347071700000000150e-01
2.321533299999999911e-01
2.745258500000000157e-01
1.828212000000000725e-01
2.698266099999999112e-01
4.308507099999999701e-01
1.767379000000000311e-01
2.859568499999999847e-01
2.085692499999999838e-01
2.422324000000000144e-01
1.764294999999999891e-01
1.756122300000000358e-01
5.003291300000000108e-01
3.592140499999999514e-01
2.426273499999999916e-01
2.361158400000000213e-01
2.236969399999999830e-01
1.026364400000000093e-01
1.349786000000000874e-01
1.060172900000000834e-01
1.294049600000000411e-01
1.803499100000000577e-01
2.884773399999999710e-01
1.185694199999999809e-01
1.564240526000000298e-01
2.296192573999999431e-01
1.930987099999999790e-01
1.412640849999999559e-01
2.303199510000000227e-01
3.590350860000000033e-01
3.725042999999998994e-01
2.202011799999999686e-01
1.862485500000000127e-01
2.612297799999999115e-01
1.950491137500000305e-01
3.077285237499999826e-01
3.465292100000000874e-01
1.032902300000000162e+00
7.815831500000001153e-01
3.953837000000000601e-01
4.710915500000000256e-01
4.793401999999998830e-01
1.145093000000000499e-01
1.834257000000000248e-01
1.084882000000000346e-01
1.534949999999999648e-01
2.410295000000000354e-01
7.930329999999992385e-02
1.464929999999999288e-01
6.421582999999999597e-01
1.742146499999998877e-01
4.627484999999990911e-02
1.640317499999999484e-01
1.229243999999998921e-01
1.709519000000000177e-01
2.963647999999999838e-01
2.491270499999999888e-01
5.938257900000000200e-01
9.767869000000000135e-01
2.412223000000000006e-01
2.118866900000000442e-01
1.629117000000000481e-01
1.251343999999999790e-01
1.251082000000000305e-01
7.964960000000002871e-02
1.643859000000000015e-01
1.396795000000000397e-01
2.319907000000000497e-01
2.072978999999999794e-01
1.629050499999999957e-01
3.091560500000000711e-01
8.778196999999999806e-01
3.727689000000000141e-01
2.684483999999999759e-01
