FramewiseDisplacement
3.382944999999999008e-02
1.417730000000001246e-02
2.473830000000000473e-02
3.571005000000000706e-02
3.752860000000001611e-02
3.589349999999999485e-02
3.444624999999999770e-02
8.499405000000001542e-02
7.808550000000001601e-02
2.817099999999998425e-02
5.937324999999998854e-02
1.068438500000000041e-01
3.221460000000000296e-02
1.443599999999996622e-02
5.494049999999993383e-03
9.626110000000000222e-02
6.291615000000001789e-02
4.359094999999998943e-02
9.259950000000001513e-02
9.703679999999999251e-02
2.648745000000000266e-02
1.012735500000000038e-01
6.341124999999998846e-02
1.760445000000000759e-02
3.338959999999999151e-02
5.967419999999998281e-02
1.601915000000000630e-02
6.618582500000000368e-02
8.149712950000000122e-02
4.730127450000001788e-02
1.059347870000000025e-01
1.094130469999999855e-01
1.088958700000000057e-01
5.389290499999999096e-02
6.993540000000000867e-02
8.444595000000000573e-02
3.227417999999999954e-02
4.195372999999998770e-02
9.161223000000000283e-02
9.959430499999999409e-02
1.027557249999999922e-01
1.268224000000000018e-01
6.805556000000000105e-02
4.056687999999997879e-02
9.966084000000000054e-02
1.108566700000000044e-01
7.143655000000000144e-02
9.357704999999998108e-02
4.864165000000000849e-02
5.588600000000000512e-02
2.215805499999999595e-02
4.381464499999999929e-02
4.137435099999999671e-02
5.494545499999999028e-02
6.981940100000000315e-02
8.295807499999999224e-02
5.342197000000000612e-02
2.505552000000000473e-02
6.270532000000000883e-02
5.491192500000000032e-02
1.401294499999999887e-02
2.993225000000000052e-02
3.976307000000000452e-02
5.166619500000000503e-02
3.350719499999999657e-02
7.005011499999999613e-02
5.011628499999999653e-02
4.316277000000000308e-02
8.102902000000000715e-02
1.140420750000000066e-01
1.398843999999999921e-01
9.410075999999999163e-02
9.220251000000000141e-02
3.928152499999999769e-02
3.472651000000000210e-02
8.340896499999998770e-02
6.270878999999998649e-02
1.533307149999999647e-02
9.631761349999999611e-02
5.406868499999999134e-02
9.600095499999999893e-02
4.183512999999999815e-02
4.974483999999999850e-02
2.100839000000000178e-02
2.394545000000000007e-02
4.258670500000000247e-02
5.454767500000000380e-02
3.025547000000000653e-02
4.967938000000000215e-02
3.916017000000000109e-02
6.971373299999999995e-02
3.826750479999999760e-02
6.493204820000000876e-02
1.229161799999999860e-01
4.036861000000000615e-02
9.713918000000000552e-02
3.717826260000000466e-02
5.240675560000000038e-02
4.331201500000000232e-02
4.610269000000000172e-02
2.645694000000000171e-02
1.588637499999999772e-02
6.592188499999999951e-02
8.501163999999998555e-02
5.845412000000000524e-02
8.848184000000000604e-02
9.259058069999999419e-02
3.657800970000000401e-02
4.506553400000000431e-02
9.559903100000001486e-02
4.219207900000000733e-02
6.153922499999999601e-02
5.976774999999999449e-02
9.841289500000001411e-02
6.940733000000000319e-02
4.595693500000000431e-02
3.744454499999999575e-02
6.279245499999999702e-02
1.964898500000000076e-02
3.872325000000000766e-02
6.211003000000000357e-02
6.931588000000001026e-02
4.359272499999999884e-02
2.308210000000000123e-02
9.377861499999999573e-02
6.287852499999999067e-02
8.405292500000000055e-02
9.096867499999999884e-02
5.156170000000000198e-02
6.670357500000000106e-02
1.031566549999999999e-01
1.523516000000000106e-02
7.719717500000000676e-02
4.887595500000000565e-02
7.822729900000000014e-02
3.950152600000000208e-02
7.457306499999999394e-02
6.800399999999999501e-02
1.182803899999999991e-01
3.685398499999999883e-02
2.172663000000000372e-02
7.901031000000000026e-02
8.075006999999999324e-02
7.732084499999998528e-02
3.877727499999999300e-02
6.227028389999999386e-02
5.769541109999999640e-02
1.626129250000000193e-01
6.589868999999999588e-02
6.516112699999999924e-02
6.664246199999999953e-02
6.203113000000000377e-02
5.828504000000001017e-02
8.112517000000001033e-02
8.189524999999998889e-02
3.955841999999997610e-02
5.039279999999998760e-02
6.744253999999999527e-02
6.201275000000000537e-02
6.930855999999999129e-02
6.491950999999998584e-02
3.368026999999999826e-02
4.625170999999999449e-02
3.983475000000000210e-02
6.784754200000001068e-02
1.066005879999999961e-01
7.645734999999997950e-02
4.405638000000001303e-02
3.601553500000002211e-02
6.851100500000001370e-02
3.841077999999999854e-02
9.626925000000001453e-02
8.758272999999999753e-02
1.009661199999999925e-01
9.387459999999997473e-02
1.764570000000001762e-02
3.294584999999999875e-02
9.058527499999999288e-02
9.011358499999999605e-02
1.129933899999999991e-01
6.005399999999999280e-03
9.360294000000000947e-02
6.789438999999999891e-02
4.141449999999999992e-02
6.990460999999999203e-02
4.124514000000000652e-02
6.038560000000001149e-02
2.211183999999998678e-02
6.098655999999999522e-02
3.575440999999998648e-02
8.572005999999998682e-02
4.767760000000001441e-02
8.705217000000001204e-02
1.809690999999999939e-01
9.542007999999999046e-02
4.733038000000000523e-02
9.690317000000001069e-02
6.214413999999998661e-02
9.293530000000004704e-03
4.982209999999999417e-02
6.151744999999999436e-02
5.970815000000000844e-02
8.598098000000001240e-02
6.438751000000000890e-02
7.215458999999999068e-02
6.377386999999999639e-02
3.839185999999999988e-02
7.377686000000001354e-02
