FramewiseDisplacement
2.061615250000000676e-01
1.473590550000000443e-01
6.120093199999999956e-02
1.292683680000000224e-01
1.377213999999999661e-01
7.310664999999996749e-02
1.193280000000000035e-01
8.658669999999997480e-02
3.752615000000002199e-02
2.552224999999999633e-02
1.129080000000000084e-01
7.286739999999999884e-02
1.194690599999999880e-01
1.272325600000000223e-01
1.625636300000000145e-01
9.840713299999999386e-02
1.150624499999999967e-01
1.028698370000000056e-01
9.180840000000001222e-02
1.756720554999999795e-01
8.595386450000000456e-02
2.722522099999999945e-01
1.886865299999999912e-01
8.352774999999998395e-02
1.305878500000000053e-01
9.766240000000001031e-02
1.263787000000000105e-01
1.367407500000000220e-01
1.473985499999999893e-01
1.668900499999999842e-01
1.108606500000000328e-01
7.490574999999999317e-02
1.079085900000000264e-01
8.470070000000000376e-02
1.340591100000000091e-01
3.543934999999998753e-02
9.365465000000000595e-02
9.772039999999997117e-02
1.992647399999999402e-01
1.556522199999999800e-01
2.255598699999999956e-01
1.772669999999999801e-01
3.010283500000000001e-01
2.030954000000000093e-01
2.535007400000000022e-01
3.432168999999997416e-02
6.020909999999998069e-02
3.851403999999999939e-02
3.812588999999998868e-02
3.928861000000000159e-02
4.134948999999998875e-02
4.120855000000000351e-02
7.489819999999998423e-02
1.106437000000000254e-01
1.473506499999999997e-01
1.649209000000000092e-01
1.883479000000000125e-01
1.269812999999999636e-01
1.580941399999999664e-01
2.614939199999999908e-01
3.800700500000000481e-01
1.237323500000000048e-01
2.486323000000000005e-01
1.175834700000000232e-01
9.748015999999998238e-02
1.177830200000000299e-01
5.575740000000001251e-02
5.807610000000000550e-02
8.389619999999999023e-02
1.155290699999999976e-01
7.216962499999998726e-02
1.274057759499999942e-01
1.044299740499999990e-01
2.279893549999999769e-01
1.301213099999999900e-01
1.540328799999999831e-01
1.043316199999999999e-01
4.732330000000000564e-02
5.898910000000000958e-02
9.063685000000001879e-02
4.409120000000001094e-02
1.230702899999999989e-01
9.329950500000000480e-02
6.482541999999999471e-02
5.813692999999999639e-02
3.900195499999999788e-02
9.671301999999999677e-02
1.409251199999999871e-01
1.331132350000000242e-01
6.518480499999999844e-02
1.223531999999999953e-01
8.839037999999999062e-02
1.404572000000000043e-01
1.311533250000000150e-01
9.283028949999999613e-02
6.702960250000000730e-02
6.442373999999999323e-02
1.383596800000000127e-01
5.555915000000000853e-02
1.828328499999999912e-01
8.579617500000003005e-02
3.263634799999998864e-02
6.876062200000000735e-02
1.005203750000000090e-01
5.452862000000000681e-02
1.023433500000000135e-01
1.201637999999999873e-01
8.778510000000000479e-02
3.594690000000001079e-02
7.190159999999999607e-02
3.989770000000001510e-02
6.012649999999997857e-02
3.626193000000000888e-01
4.152393500000000626e-01
1.535753000000000257e-01
4.623130000000000989e-02
1.108678000000000302e-01
7.181011499999997993e-02
7.162146500000002303e-02
6.764460000000002693e-02
1.726102999999999665e-01
1.429782500000000012e-01
6.338900000000000090e-02
7.325374999999997860e-02
1.593170999999999893e-01
1.696362500000000162e-01
1.133521075000000072e-01
1.629555675000000092e-01
1.871457450000000300e-01
8.182779999999999221e-02
1.269634999999999792e-01
8.909050000000001690e-02
1.648134000000000265e-01
2.126895500000000050e-01
9.734544999999997228e-02
7.176190000000000346e-02
1.143177999999999972e-01
5.459345000000000864e-02
5.844930000000002346e-02
3.029325000000004237e-02
9.742069999999998509e-02
1.034844569999999880e-01
6.878445700000000718e-02
1.033255499999999882e-01
1.106776999999999900e-01
9.975534999999999264e-02
8.769328000000001233e-02
1.202629800000000332e-01
1.391010500000000039e-01
1.224809999999999927e-01
1.758440500000000017e-01
1.809705500000000078e-01
9.138224999999995657e-02
7.483085000000000431e-02
1.180805999999999939e-01
4.104540000000003741e-02
1.165645299999999857e-01
1.094411300000000115e-01
3.771390000000003628e-02
4.260369999999999435e-02
7.037599999999999412e-02
7.942120000000001123e-02
9.048200000000004850e-02
8.443174999999997210e-02
1.500321000000000293e-01
1.307162500000000060e-01
1.851167399999999741e-01
7.060734000000001842e-02
3.390664999999997570e-02
7.797755000000000658e-02
5.297505000000000269e-02
6.684324999999999295e-02
8.368080000000001351e-02
9.659859999999996505e-02
8.106010000000002380e-02
6.208349999999996510e-02
1.199770000000000281e-01
1.364700500000000094e-01
1.282132500000000286e-01
8.442749999999997479e-02
4.170249999999996182e-02
6.937019999999993747e-02
8.950369999999999160e-02
1.980016999999999472e-01
3.372490499999999392e-01
2.041274999999999618e-01
2.427541500000000019e-01
9.429500000000001769e-02
1.373113000000000250e-01
2.120566999999999869e-01
