FramewiseDisplacement
9.616552000000001821e-02
1.081933910000000137e-01
1.524135289999999920e-01
1.137563799999999625e-01
2.848289300000000357e-01
1.319655499999999870e-01
1.897665999999999797e-01
1.398612300000000030e-01
9.207022999999998902e-02
5.234355000000001645e-02
8.662769999999997417e-02
8.563706999999996794e-02
9.774264999999997261e-02
5.941370999999995989e-02
4.232397000000003018e-02
1.594010300000000269e-01
7.834350000000002423e-02
1.149949000000000110e-01
9.200845000000001939e-02
1.087813400000000597e-01
1.428969599999999895e-01
2.092027500000000484e-01
2.434337000000000029e-01
1.259801200000000287e-01
9.848548000000001412e-02
8.777283500000000738e-02
8.151273500000000283e-02
5.943774000000000279e-02
1.040990099999999779e-01
9.675558499999999118e-02
7.708773500000000445e-02
4.628682999999996633e-02
1.167290200000000167e-01
6.603243000000003082e-02
1.181003300000000311e-01
7.421260000000004520e-02
1.134242399999999679e-01
1.236236399999999513e-01
9.665869999999997242e-02
1.461393550000000152e+00
9.472506499999998608e-01
3.855602500000000488e-01
1.385737199999999836e-01
7.639299000000002171e-02
1.706651800000000274e-01
7.734840099999998331e-02
5.714896100000001894e-02
5.074270000000000863e-02
1.330205099999999807e-01
5.853712000000001192e-02
6.887971000000001065e-02
5.217230000000001172e-02
7.904565999999998982e-02
5.403820999999998931e-02
1.301460000000000394e-01
1.188356000000000134e-01
9.002480000000000204e-02
1.644164300000000023e-01
1.241837300000000199e-01
8.393839999999999635e-02
1.519993000000000039e-01
1.432499000000000133e-01
7.632539999999997382e-02
1.392119500000000010e-01
1.147810499999999678e-01
7.642344999999999000e-02
5.668239999999999390e-02
6.970089999999999619e-02
7.083878000000001784e-02
6.095128000000002433e-02
5.284430000000000377e-02
4.162420000000000009e-02
5.905594999999997929e-01
7.032942500000000097e-01
2.952276999999999818e-01
1.984356500000000190e-01
1.370293499999999942e-01
1.567368999999999568e-01
2.207837499999999731e-01
5.827016000000000417e-01
6.283371499999998999e-01
2.186211100000000351e-01
1.291627250000000338e-01
5.507026500000000019e-02
1.194992499999999874e-01
1.267979680000000109e-01
7.017254199999999054e-02
3.375045000000000128e-02
4.793360000000002064e-02
6.474963000000001634e-02
8.138838000000001016e-02
1.112846599999999797e-01
5.696290000000001769e-02
4.292055000000001563e-02
4.339214999999998351e-02
2.637590000000000212e-01
1.726181499999999980e-01
3.380144100000000429e-01
2.933721100000000193e-01
1.931496299999999888e-01
6.773260000000000391e-02
1.340892099999999865e-01
1.016547520000000149e-01
9.978983799999999182e-02
4.461001999999999329e-02
5.601528399999999852e-02
6.677781800000000267e-02
1.463586100000000001e-01
1.355273499999999909e-01
1.142826839999999955e-01
7.359331399999999301e-02
2.926253499999999924e-02
8.727507499999997975e-02
1.618347450000000021e-01
2.457141049999999882e-01
1.255177799999999955e-01
4.975728000000000789e-02
7.080408000000000535e-02
1.006990499999999983e-01
8.808339499999999489e-02
6.791081499999998550e-02
4.544834999999999847e-02
4.998615000000000003e-02
7.098774999999998836e-02
8.064522999999999830e-02
1.369353299999999940e-01
1.074384600000000134e-01
8.513249999999998596e-02
1.432749889999999915e-01
1.689325160000000048e-01
3.480780499999999167e-01
2.850138960000000443e-01
1.854446730000000043e-01
9.297709500000000959e-02
8.208569999999999756e-02
8.265329999999999899e-02
8.938156499999999616e-02
2.832482000000000055e-02
7.062996000000000552e-02
4.586594999999998867e-02
7.362456999999998641e-02
1.017416200000000048e-01
5.982775000000002674e-02
2.967424999999999577e-02
8.357929999999999526e-02
1.400458500000000273e-01
8.980597999999999359e-02
1.116622200000000065e-01
1.274940199999999857e-01
3.082158850000000228e-01
1.331302450000000082e-01
6.237052999999999348e-02
4.801821000000001949e-02
9.644361000000002682e-02
1.075325500000000045e-01
8.495924999999998617e-02
3.606048999999999366e-02
3.509306499999997192e-02
7.731254499999998253e-02
7.895077999999999818e-02
9.422240999999997868e-02
4.643900000000000111e-02
1.284884000000000026e-01
2.106070499999999901e-01
1.149745199999999967e-01
1.360611700000000091e-01
1.349938900000000053e-01
8.849522099999998503e-02
6.367396290000000292e-01
2.811928499999999387e-01
2.595388500000000431e-01
2.613315999999999972e-01
3.421497500000000302e-01
1.731127499999999819e-01
7.632594999999998964e-02
8.368590000000000750e-02
1.380311100000000402e-01
1.176783999999999747e-01
9.375936099999999940e-02
9.448594900000002739e-02
1.271730100000000308e-01
9.735365000000002766e-02
8.664285000000000736e-02
1.830926100000000167e-01
1.502600199999999941e-01
1.237919400000000031e-01
2.359370600000000040e-01
1.420326999999999840e-01
9.291889999999998484e-02
5.848265000000001101e-02
1.031407500000000033e-01
5.341757999999999923e-02
9.121126999999998319e-02
5.876960000000001905e-02
5.323718499999999243e-02
7.700443499999999608e-02
7.821554999999999480e-02
6.506257499999998362e-02
1.402121749999999945e-01
1.190994500000000095e-01
1.036980499999999999e-01
1.055412000000000017e-01
8.599905000000000743e-02
8.703585000000003957e-02
7.227835000000001897e-02
1.024392000000000219e-01
7.685435000000000183e-02
6.040850000000001774e-02
