FramewiseDisplacement
8.680309999999977211e-02
1.274893999999998084e-01
9.141095000000012960e-02
1.203909500000001631e-01
9.418684999999986374e-02
9.367099999999986548e-02
1.056788499999999770e-01
1.804186499999999305e-01
1.728402499999999176e-01
2.101000499999998161e-01
1.582473500000001754e-01
6.438475000000026816e-02
9.487499999999995937e-02
1.168684499999998322e-01
1.036890500000000326e-01
1.898005499999997903e-01
2.537389049999999813e+00
1.689798399999999923e+00
1.477707499999999508e-01
2.438551999999999942e-01
8.028937999999999908e-01
1.643918000000000323e-01
1.323268000000000222e-01
2.756410000000000249e-01
8.844319999999999959e-02
9.004219999999997504e-02
1.076331999999999567e-01
6.500350000000004735e-02
7.882649999999999380e-02
3.114270000000000926e-02
1.008112499999999911e-01
6.071055000000002283e-02
1.577754999999999852e-01
1.041543999999999803e-01
1.132094999999999907e-01
6.836317499999999825e-01
1.234265349999999900e-01
1.636905349999999981e-01
2.027574600000000005e-01
4.808606100000000216e-01
2.948623000000000216e-01
1.361448999999999854e-01
1.057707000000000092e-01
1.945552999999999866e-01
1.422494499999999995e-01
2.709632499999999888e-01
1.632925520000000075e-01
8.174050700000001779e-02
1.217436999999999825e-01
1.134166999999999953e-01
7.415360000000002783e-02
1.007104520000000059e-01
9.909779700000000136e-02
1.540157399999999843e-01
3.233152400000000037e-01
2.007757049999999988e-01
2.049093650000000100e-01
1.255641949999999896e-01
8.221593500000001775e-02
3.658026200000000921e-02
6.019326200000000432e-02
1.496573714999999971e-01
1.355978105000000267e-01
1.241400129999999796e-01
1.217388750000000242e-01
1.619052199999999886e-01
3.730062999999998741e-02
2.188002899999999806e-01
2.031545999999999907e-01
4.938240000000000685e-02
3.212444999999999884e-02
3.204046000000001365e-02
1.469921599999999828e-01
8.239069999999999727e-02
8.856316000000000188e-02
5.971446000000001086e-02
7.393500000000000072e-02
8.979584999999999650e-02
1.110453500000000010e-01
7.512320000000000109e-02
9.221980000000000455e-02
7.381011499999999559e-02
1.110626149999999895e-01
1.005271499999999818e-01
1.639568999999999888e-01
1.588645499999999933e-01
1.510634999999999895e-01
1.991003899999999882e-01
1.040210400000000091e-01
1.147477500000000095e-01
1.087035799999999941e-01
1.035179953999999930e-01
9.067357539999999771e-02
1.018965900000000091e-01
1.659201949999999648e-01
1.946655549999999901e-01
1.395285900000000079e-01
9.599977999999999290e-02
9.557895249999999454e-02
9.134283950000000873e-02
4.886099959999999631e-02
5.017862500000000447e-02
9.059169959999999189e-02
8.041514680000001747e-02
1.096165995000000087e-01
1.328265072999999796e-01
8.042795049999999779e-02
6.411651990000000190e-02
9.552514780000001537e-02
7.832709999999999673e-02
1.291668800000000117e-01
1.369402999999999870e-01
1.262756800000000013e-01
1.882331299999999985e-01
9.707252000000000935e-02
1.402958000000000260e-01
1.168096500000000149e-01
5.494155000000000566e-02
6.998980000000000479e-02
1.650028500000000065e-01
1.509685000000000055e-01
6.654129999999999767e-02
1.055557000000000162e-01
4.042575000000000335e-02
7.235335000000001071e-02
8.495554999999999080e-02
1.282333800000000079e-01
3.053157999999999914e-02
4.810200000000000586e-02
1.087361000000000022e-01
2.350411000000000861e-02
1.882384599999999963e-01
1.258914800000000001e-01
6.294375999999998750e-02
1.103033900000000150e-01
7.116474999999998496e-02
1.706680999999999893e-01
9.759060000000001345e-02
1.308757799999999971e-01
1.326730799999999988e-01
8.125575000000001546e-02
5.387964999999998728e-02
7.909654999999998770e-02
6.208879999999999955e-02
1.119085100000000166e-01
1.631098099999999940e-01
2.205247800000000313e-01
2.135958699999999932e-01
5.216598900000000150e-01
3.155630099999999216e-01
4.075390799999999980e-01
1.428067699999999995e-01
1.988991999999999982e-01
7.032558999999999338e-02
6.666718999999998729e-02
2.575239999999999127e-02
7.779629999999999879e-02
1.300502099999999994e-01
1.079473100000000046e-01
8.220444999999999836e-02
1.001901999999999932e-01
1.573259000000000463e-01
1.455419400000000363e-01
7.921174000000000270e-02
7.606690000000000673e-02
1.238309500000000091e-01
2.592044500000000307e-01
2.320479000000000014e-01
1.215826000000000129e-01
4.572270000000001888e-02
8.987189999999999068e-02
3.793193000000000953e-02
1.036577700000000241e-01
9.148820000000001951e-02
3.304850000000000843e-02
8.281780000000002473e-02
8.508583000000002894e-02
8.925482999999997946e-02
1.661247000000000140e-01
1.404866399999999960e-01
1.184567999999999871e-01
1.824778000000000233e-01
1.907705999999999846e-01
1.378774999999999862e-01
7.557979999999998866e-02
2.011064000000000185e-01
2.522488599999999637e-01
1.510495900000000113e-01
1.046232500000000287e-01
5.861979999999998581e-02
5.759539999999999105e-02
1.078600699999999885e-01
6.121915000000001383e-02
7.708677000000001278e-02
5.771618000000001969e-02
1.593728399999999878e-01
1.574705000000000132e-01
1.578388500000000028e-01
1.623977299999999901e-01
4.210793000000000175e-02
9.250384000000001772e-02
6.681735000000002533e-02
1.087338400000000121e-01
5.766671999999999076e-02
1.315627699999999956e-01
1.558308900000000274e-01
4.313896000000001785e-02
6.597265000000000768e-02
