FramewiseDisplacement
2.229139000000000814e-01
9.583414999999997907e-02
2.048851500000000991e-01
1.530500499999999930e-01
5.422959999999994729e-02
2.805445000000000300e-01
1.977643499999998666e-01
1.245587999999999002e-01
1.472430999999999324e-01
1.201333499999999721e-01
2.742032499999998985e-01
1.293515500000000373e-01
2.671841500000000091e-01
5.687920000000006721e-02
2.172641500000000170e-01
1.010811500000000779e-01
3.042444499999999996e-01
4.553522499999999584e-01
2.739820000000000588e-01
1.234824999999999673e-01
1.626774999999999749e-01
2.015405000000000113e-01
2.034115500000000243e-01
5.723206000000000682e-01
6.697638499999999384e-01
1.180005000000001192e-01
2.571225000000000316e-01
2.006080999999999559e-01
2.389297499999999685e-01
3.558759500000000520e-01
6.991786999999996532e-02
1.758130000000001081e-01
6.843833000000007494e-02
2.665199000000001428e-01
1.937157500000000754e-01
1.124918000000000307e-01
2.751540499999999834e-01
1.975683999999998941e-01
2.072734999999997427e-02
2.901151999999999065e-01
2.134292499999998760e-01
3.910458000000000545e-01
3.493484999999999507e-01
1.303265000000001228e-01
6.260519999999998308e-01
1.964633000000001184e-01
2.554542000000000201e-01
5.630524999999999558e-01
2.832434000000000340e-01
1.165170000000000511e-01
1.686469999999999358e-01
1.687569499999999612e-01
2.396107500000000112e-01
1.776850500000000666e-01
1.011318100000000164e-01
8.090350000000003095e-02
3.096689999999999721e-01
1.019732139999999898e+00
4.185980999999999730e-01
1.845628500000000005e-01
2.563408500000000090e-01
1.687872499999999443e-01
1.004746600000000628e-01
2.246284399999999570e-01
1.993917000000000606e-01
1.978050499999999545e-01
1.776529999999999498e-01
1.759714999999999474e-01
1.557319999999998983e-01
1.473958999999999409e-01
1.501965000000000661e-01
2.158995000000000497e-01
1.364369999999999195e-01
1.890153999999999446e-01
1.606195000000000817e-01
1.601204999999999989e-01
4.447745000000000171e-01
7.893835000000001267e-01
2.382314999999999849e-01
1.603320000000001133e-01
7.085650000000001669e-02
2.108760999999999830e-01
1.769767000000000701e-01
3.299698999999999827e-01
1.827329999999999510e-01
1.757285999999999571e-01
4.254606000000000221e-01
3.544990000000000085e-01
3.173508000000000440e-01
2.029881399999999836e-01
1.227720100000000286e-01
1.256995000000001028e-01
9.835186000000000206e-01
6.391513999999999252e-01
5.415410834999999645e-01
1.726636265000000281e-01
2.189671500000000270e-01
9.414397999999998823e-02
2.192128500000000563e-02
6.443510000000000904e-02
1.551549250000000268e-01
1.455723000000000156e-01
5.253937000000000190e-02
1.030224200000000034e-01
1.712326500000000140e-01
2.646824999999999872e-01
2.722157000000000049e-01
3.788239500000000204e-01
4.088700500000000404e-01
4.806360499999999814e-01
3.589890499999999762e-01
2.656221999999999750e-01
2.406826500000000535e-01
2.193377499999998870e-01
2.576366000000000489e-01
5.072189999999996562e-02
2.453861499999999696e-01
8.459746499999999392e-01
3.002472000000000474e-01
1.927315000000000833e-01
1.740371500000000293e-01
9.798140000000007954e-02
1.059807499999999708e-01
1.406253500000000656e-01
1.724290999999999741e-01
1.802497500000000696e-01
3.616290999999999811e-01
2.046155000000000057e-01
2.461674999999999558e-01
1.655525999999999942e-01
8.874330000000003882e-02
1.637803000000000453e-01
2.817282999999999871e-01
6.396680000000000421e-02
1.816895499999999775e-01
9.790670000000001316e-02
1.397428000000000281e-01
1.444694000000000533e-01
8.410645000000004090e-02
2.490723999999999161e-01
1.224938499999999736e-01
2.011072000000000415e-01
3.022561500000001122e-01
6.231634499999999521e-01
2.207621999999999918e-01
2.966147550000000077e-01
1.362447949999999741e-01
2.597725999999999646e-01
4.808363500000000235e-01
4.170597000000000332e-01
4.559880000000000599e-01
2.585876499999998912e-01
8.443484000000002210e-01
2.917230499999999283e-01
2.638683000000001111e-01
3.148322999999999539e-01
1.578650000000000331e-01
2.546346999999998806e-01
1.710396499999997932e-01
2.661676000000000042e-01
1.830146500000000287e-01
2.115307500000000729e-01
2.117850000000003410e-02
6.929729999999992285e-02
1.424048000000000813e-01
2.329494500000001134e-01
1.962848500000000385e-01
1.522186000000001482e-01
2.269066500000000430e-01
1.820741499999999624e-01
1.874921999999999422e-01
1.379069999999999185e-01
8.552169999999997829e-02
1.168765999999998306e-01
1.423699999999998855e-01
7.117019999999997515e-02
5.921280000000007926e-02
1.011270000000000363e-01
1.526023000000001073e-01
1.127914000000001526e-01
7.654329999999993916e-02
9.400210000000004673e-02
1.728266300000000089e-01
2.806799299999998554e-01
2.521760000000001223e-01
1.894816999999999751e-01
5.492680500000000077e-01
6.292145000000000099e-01
4.115783000000000080e-01
2.867944500000000341e-01
