FramewiseDisplacement
9.090599999999997294e-02
6.317664999999997311e-02
5.103479999999997740e-02
2.179222999999998883e-02
8.963640000000001884e-02
1.130865800000000060e-01
2.018957500000000405e-01
1.094329499999999872e-01
3.811170000000001223e-02
9.077060000000003459e-02
1.392169600000000285e-01
1.506227099999999930e-01
1.710025999999999768e-01
1.509779999999999733e-01
1.359114000000000710e-01
8.685344999999999871e-02
1.412911399999999540e-01
1.078613600000000172e-01
1.918790800000000074e-01
7.129655000000005571e-02
2.632385000000000974e-02
5.091872099999998624e-02
9.368990100000000598e-02
5.106203999999999604e-02
3.855342400000000280e-02
9.589242600000001671e-02
9.707023500000001859e-02
4.787647500000000861e-02
4.196207999999998495e-02
8.274790000000001311e-02
2.103264199999999862e-01
1.162113200000000485e-01
7.908135499999992268e-02
1.551106150000000072e-01
1.132292399999999671e-01
4.041949999999996934e-02
7.266594999999997917e-02
1.075993400000000016e-01
1.204352840000000174e-01
1.092236140000000383e-01
7.565688399999996594e-02
1.036611560000000459e-01
1.978385000000000005e-01
1.721109899999999637e-01
2.892980200000000446e-01
1.528848200000000046e-01
1.104556400000000077e-01
4.190600000000000575e-02
1.101663900000000029e-01
3.646515499999999910e-01
2.692072999999999827e-01
6.623915000000001052e-02
7.617045000000000066e-02
1.425689499999999721e-01
2.279529000000000138e-01
1.289396999999999904e-01
5.501615000000003447e-02
1.362284100000000497e-01
2.271643700000000321e-01
2.245105000000000017e-01
9.170257999999997800e-02
6.433471999999997026e-02
3.055319000000000784e-02
1.823049250000000066e-01
2.196820650000000097e-01
3.328831500000000165e-01
3.373146999999999673e-01
3.532670799999999556e-01
2.399084699999999848e-01
1.506052999999999975e-01
1.285837999999999703e-01
1.200889500000000276e-01
8.640365000000001239e-02
7.042445000000002731e-02
9.303680000000001671e-02
5.254299999999999943e-02
1.646603499999999831e-01
1.576451499999999839e-01
2.602912000000000003e-01
1.157827700000000071e-01
1.533810300000000015e-01
1.956391499999999839e-01
3.803760000000001168e-02
1.315769500000000258e-01
1.345827810000000124e-01
1.103626310000000166e-01
6.550240000000000229e-02
1.196772499999999850e-01
8.639721499999999943e-02
8.851755499999999777e-02
9.279491000000002210e-02
3.787725000000000120e-02
1.537653949999999714e-01
1.986763750000000162e-01
3.225018255000000611e-01
2.509047245000000093e-01
1.257437060000000106e-01
6.733877599999998909e-02
8.626936400000000116e-02
9.468438499999999591e-02
4.979544499999999374e-02
7.530119999999999869e-02
3.772819999999998952e-02
1.147091200000000116e-01
1.295433250000000147e-01
1.195459530000000103e-01
1.886305669999999712e-01
1.351546449999999899e-01
5.987497099999999906e-02
8.491374100000000091e-02
7.177506000000000164e-02
8.077357000000000287e-02
9.321464999999998224e-02
1.367619499999999932e-01
8.292434999999999390e-02
7.424506999999999635e-02
9.808823000000001235e-02
9.662768000000002133e-02
5.060343999999999953e-02
4.520944999999999825e-02
3.751463899999999407e-01
3.689271900000000715e-01
4.070685500000000290e-01
3.046246499999999968e-01
3.625244500000000536e-01
1.766454000000000080e-01
7.352969999999998951e-02
6.448264999999998859e-02
1.659595500000000112e-01
1.500017000000000433e-01
6.085070000000000756e-02
1.124069000000000040e-01
8.053609999999999935e-02
8.249379999999999213e-02
1.619651000000000007e-01
1.075872999999999968e-01
3.601685000000000303e-02
1.458960499999999993e-01
2.106882999999999950e-01
1.733597400000000399e-01
1.431371099999999841e-01
1.045828500000000050e-01
1.080440000000000150e-01
6.731630000000000946e-02
1.370600999999999625e-01
1.168651000000000273e-01
1.673444600000000004e-01
1.629416600000000159e-01
1.897945499999999786e-01
1.068655999999999912e-01
8.469979999999999176e-02
5.958200000000000301e-02
6.671449999999998215e-02
1.180342499999999795e-01
8.128999500000000378e-02
8.581829499999997501e-02
5.297154999999997838e-02
5.473094999999998655e-02
5.799764999999999782e-02
6.772750000000000992e-02
9.282329999999998360e-02
7.605280000000000373e-02
1.266038499999999900e-01
1.115457499999999713e-01
9.880942999999998977e-02
9.576462999999998948e-02
1.423465500000000161e-01
5.447639999999998733e-02
2.306459999999999899e-01
2.464835000000000220e-01
1.467240500000000225e-01
1.023059999999999942e-01
1.069180000000000130e-01
7.498164999999998304e-02
1.055872500000000075e-01
9.347325000000002160e-02
1.133692000000000033e-01
5.676280000000002990e-02
1.409974999999999978e-01
3.467185000000001793e-02
1.310719500000000204e-01
1.100404000000000243e-01
1.237850499999999937e-01
1.408868499999999802e-01
1.292391000000000234e-01
9.930469000000000102e-02
9.915470000000001227e-02
9.104429999999999468e-02
1.160371599999999725e-01
9.645405000000001339e-02
