FramewiseDisplacement
9.652930000000001232e-02
1.648658000000000345e-01
1.143649999999999251e-01
1.146758000000000915e-01
1.956668999999999214e-01
1.356161999999999090e-01
6.727910000000000834e-02
6.848359999999995007e-02
1.072741999999999307e-01
1.190226000000000339e-01
7.336649999999994565e-02
4.364919999999999911e-02
1.002571999999999908e-01
9.091720000000003132e-02
7.762050000000002281e-02
1.466845000000000510e-01
1.398478000000000776e-01
1.537885999999999975e-01
1.321658000000000277e-01
9.686499999999993726e-02
1.115949000000000108e-01
1.440811999999999926e-01
1.774058999999999497e-01
1.514786000000000188e-01
1.201938999999999647e-01
1.113836999999999744e-01
1.587892999999999666e-01
1.013981999999999800e-01
5.346650000000002095e-02
8.011309999999997877e-02
1.060070000000000179e-01
1.260669999999999846e-01
9.170749999999998348e-02
1.031922999999999868e-01
1.255505000000000093e-01
1.077670999999999907e-01
5.907890000000000363e-02
5.273949999999999472e-02
5.686434999999996631e-02
9.138344999999994944e-02
1.215466499999999506e-01
9.562774999999996972e-02
8.272380000000000011e-02
8.293859999999998733e-02
6.195780000000003507e-02
6.275610000000000910e-02
1.093316000000000010e-01
9.490709999999999424e-02
9.329129999999999368e-02
1.145933000000000229e-01
1.035955499999999946e-01
6.736854999999998539e-02
1.285938999999999832e-01
8.807725000000003746e-02
1.195351500000000206e-01
1.387891499999999723e-01
1.356267500000000181e-01
4.895025000000001458e-02
1.286548500000000150e-01
1.263900000000000301e-01
1.446450000000000236e-01
8.546263999999997862e-02
8.051024000000001068e-02
5.186272000000003574e-02
1.085607700000000286e-01
1.301156500000000271e-01
6.556833999999997498e-02
7.158131000000000910e-02
6.881167000000000533e-02
6.198562999999999990e-02
4.901501999999999248e-02
5.087764999999999649e-02
1.056893400000000066e-01
4.232415000000003258e-02
7.093496000000001911e-02
9.702974999999999794e-02
1.013937000000000033e-01
8.079337000000001712e-02
7.818036000000000429e-02
8.962064000000001529e-02
6.888597000000000470e-02
7.018701999999998886e-02
1.320794400000000202e-01
1.093186200000000191e-01
9.738407000000001701e-02
9.567178000000001181e-02
1.057016399999999717e-01
4.632313019999998588e-02
9.180017020000000305e-02
9.206407000000001173e-02
1.489911249999999465e-01
5.025203500000002127e-02
4.637244299999999653e-01
3.560902000000000234e-01
1.113073240000000075e+00
3.850405599999999762e-01
1.357276699999999670e-01
2.240282899999999910e-01
6.034235999999999767e-02
5.834237700000000082e-02
6.872262800000000782e-02
8.572374199999999167e-02
7.033825700000000125e-02
4.202303250000000157e-02
7.933824949999999931e-02
1.324127410000000282e-01
1.393417599999999812e-01
1.207681950000000087e-01
1.520136200000000160e-01
1.071233949999999963e-01
9.829802500000001109e-02
1.141460949999999891e-01
7.187205779999998601e-02
1.233838027999999837e-01
5.855961899999999609e-01
2.084190199999999549e-01
2.036690250000000590e-01
1.003877049999999937e-01
1.007346449999999838e-01
6.319899000000001044e-02
8.132138000000002642e-02
9.687923500000002186e-02
1.840920099999999726e-01
2.214101169999999896e-01
1.254852829999999753e-01
1.393074500000000271e-01
1.092431000000000235e-01
1.522785899999999915e-01
9.714282999999999946e-02
7.897403999999999535e-02
8.918687000000000142e-02
1.299563599999999930e-01
8.871326999999999685e-02
8.433861999999998915e-02
1.310212299999999885e-01
1.102608100000000008e-01
1.179469500000000087e-01
1.165291610000000200e-01
1.147394490000000072e-01
1.022836790000000023e-01
9.122912099999999636e-02
3.849336999999999204e-02
6.687424000000000146e-02
1.284981100000000265e-01
1.294708700000000157e-01
8.213362999999999914e-02
8.966810999999999532e-02
2.136076000000000294e-02
1.390636099999999764e-01
7.965404000000000928e-02
1.429538000000000197e-01
1.351000499999999993e-01
8.042180000000000162e-02
6.149602000000000540e-02
5.548419999999999741e-02
6.104035000000000016e-02
6.226979000000000541e-02
2.797119000000000688e-02
9.723973999999999118e-02
9.402100399999999136e-02
4.913321400000000144e-02
1.957114000000000423e-02
4.285631200000000751e-02
5.834830299999999720e-02
7.910994499999998708e-02
6.339856999999998743e-02
1.707497099999999990e-01
1.929986299999999766e-01
1.242019800000000035e-01
6.572405000000001996e-02
9.585975000000002133e-02
2.681539999999998924e-02
5.706884999999999736e-02
8.073791999999999081e-02
9.574963999999998310e-02
5.970648000000000621e-02
1.186908000000000130e-01
6.729174999999998352e-02
9.069839999999999847e-02
1.086896600000000213e-01
7.255715999999998167e-02
3.220429999999999127e-02
7.800720000000001264e-02
2.396173500000000067e-01
5.993453499999999989e-01
4.124153500000000139e-01
1.187194000000000027e-01
1.369866500000000153e-01
3.721339999999999371e-02
7.270600000000000673e-02
6.206682999999998951e-02
5.545234799999999853e-02
5.111887800000000648e-02
1.071918499999999774e-01
1.392190499999999831e-01
1.580801499999999749e-01
1.208060999999999718e-01
9.699284999999999157e-02
1.233626999999999918e-01
1.349633699999999992e-01
1.401833000000000107e-01
1.093152500000000027e-01
2.517697899999999933e-01
4.608209099999999725e-01
2.249887449999999900e-01
2.898533050000000055e-01
7.036193149999997454e-02
6.109692150000003291e-02
