FramewiseDisplacement
6.980460000000002219e-02
1.149730999999999670e-01
1.318963799999999797e-01
7.849322500000001368e-02
5.704555500000000473e-02
5.896525000000000377e-02
1.118413999999999797e-01
1.059107999999999855e-01
9.725781000000000009e-02
3.557144999999998364e-02
8.648885999999998686e-02
2.329901000000000194e-02
8.658920999999998591e-02
9.197851000000001331e-02
7.657047999999999632e-02
1.718608249999999948e-01
1.940649350000000217e-01
4.367176500000000128e-01
2.732233499999999760e-01
1.804214500000000387e-01
7.641360999999997905e-02
1.143229900000000132e-01
1.179750900000000047e-01
1.433899900000000227e-01
6.807739999999996849e-02
8.919689999999999563e-02
4.976285000000002512e-02
1.237575400000000270e-01
8.196764000000000827e-02
1.032775500000000096e-01
2.373239000000001639e-02
6.723644000000000842e-02
8.789199999999999791e-02
4.957791999999996979e-02
1.788998800000000389e-01
6.175740000000000396e-02
3.946029999999996901e-02
1.030481999999999787e-01
8.741793999999999953e-02
1.647535499999999986e-01
9.093298999999997745e-02
2.015244999999999953e-01
4.900214999999999432e-02
4.410414999999999475e-02
1.229888600000000054e-01
6.006024000000001473e-02
3.766934999999999728e-02
7.829089000000000187e-02
5.368006000000000860e-02
1.062181799999999954e-01
8.036469999999999725e-02
1.819392600000000193e-01
2.717210300000000300e-01
9.621785000000002142e-02
1.544350350000000260e-01
1.169875469999999973e-01
1.408066020000000029e-01
8.494840500000001848e-02
3.398272999999999572e-02
4.664337349999999605e-01
1.985027529999999762e-01
1.132930619999999861e-01
1.482238900000000248e-01
1.419453499999999979e-01
1.496779999999998598e-02
4.880790000000000128e-02
1.383403649999999929e-01
1.367649499999999962e-01
8.124220000000000053e-02
5.755744999999999612e-02
3.794164500000000162e-01
1.383899000000000101e-01
8.668233499999997149e-02
7.780856499999999620e-02
9.322301999999998978e-02
4.710020499999999222e-02
4.434712500000001500e-02
1.019604700000000114e-01
9.625353899999999907e-02
1.341546190000000027e-01
5.852633499999999184e-02
1.046882449999999853e-01
2.236028500000000058e-02
8.649039499999999769e-02
5.286216000000000526e-02
1.462305650000000068e-01
1.845833550000000045e-01
9.652705799999998504e-02
3.644188319999999703e-01
1.812770000000000215e-01
9.990657000000001398e-02
1.476003000000000176e-01
8.468206999999999818e-02
4.282887999999999279e-02
5.610180000000000028e-02
7.531656000000000462e-02
6.655640999999999641e-02
1.854901600000000150e-01
1.715265999999999735e-01
2.664345049999999882e-01
5.158572599999999841e-02
1.089528390000000097e-01
1.351582200000000233e-01
1.198015149999999973e-01
5.479214500000000737e-02
8.764852000000000753e-02
1.176545199999999985e-01
9.387562000000000684e-02
7.427989099999999789e-01
3.049891499999999867e-01
2.432707999999999537e-01
8.478149999999999575e-02
1.201358999999999899e-01
1.176591599999999849e-01
1.431968900000000489e-01
7.052746000000000015e-02
1.269545400000000046e-01
1.750691100000000000e-01
1.877632999999999663e-01
1.000548399999999921e-01
1.375894900000000032e+00
5.993832999999999522e-01
2.770915000000000461e-01
9.494019999999998849e-02
1.984645999999999910e-01
2.532870999999999873e-01
1.161063999999999846e-01
1.796677999999999886e-01
3.194474000000001312e-02
1.060212000000000238e-01
5.132115999999997680e-02
8.513582000000001482e-02
1.673311499999999841e-01
1.306255299999999897e-01
7.249279999999999613e-02
1.433470000000000300e-01
5.757439999999999086e-02
1.108650590000000158e-01
1.027599410000000213e-01
2.472176000000000373e-01
1.665119999999999933e-01
7.862720000000000820e-02
1.406163999999999747e-01
1.425251999999999908e-01
7.714124999999999455e-02
2.401198499999999680e-01
2.316842499999999805e-01
1.543645500000000170e-01
2.755682999999999883e-01
8.315015000000003376e-02
6.577960000000000751e-02
6.428970000000001905e-02
5.518784999999999663e-02
1.287839499999999804e-01
1.753739999999999744e-01
1.296625699999999770e-01
4.142020999999997122e-02
1.041327800000000220e-01
1.135482499999999756e-01
1.135967500000000241e-01
9.162055000000000893e-02
5.442019999999998803e-02
4.405895000000002032e-02
8.029429999999999901e-02
1.961134499999999947e-01
4.117742999999999265e-01
2.298435500000000076e-01
1.041650599999999760e-01
1.621051599999999981e-01
2.640500000000000069e-01
6.960868500000000347e-02
9.210111499999998341e-02
6.907720999999998612e-02
6.219645000000000035e-02
1.676328900000000066e-01
7.742865000000001552e-02
1.223835499999999937e-01
9.673807800000000512e-02
1.137319299999999950e-01
8.944942600000001243e-02
1.213629579999999930e-01
6.316239599999999565e-02
9.198511800000001848e-02
4.554911480000000124e-01
3.088590500000000239e-01
9.533029999999999282e-02
8.187197000000003000e-02
1.374954700000000085e-01
1.211195780000000194e-01
1.428863899999999743e-01
