FramewiseDisplacement
6.365334919999998675e-02
4.930133130000001473e-02
8.440349060000001957e-02
2.372696820000000720e-02
2.341585010000000328e-02
5.519565000000001276e-02
5.264799150000000483e-02
8.935776490000001127e-02
3.727314339999998616e-02
4.702276889999999765e-02
8.608634450000000882e-02
6.693606889999999254e-02
9.668691140000000572e-02
4.196403289999998953e-02
7.930010320000001334e-02
6.273522000000000820e-02
1.011292400000000091e-01
6.934824000000000543e-02
1.412358699999999856e-01
6.756109000000000420e-02
7.595355390000002593e-02
9.612226509999999280e-02
5.046766650000000104e-02
4.676709039999999568e-02
1.039449229000000002e-01
8.685305999999999582e-02
1.043886105000000064e-01
1.708152904999999944e-01
1.023707850000000197e-01
4.955045400000000766e-02
9.717291200000000018e-02
3.463978700000000521e-02
4.794149259999998941e-02
1.200487874000000094e-01
1.007144079999999914e-01
1.083409550000000166e-01
9.649957900000000199e-02
6.442858900000000832e-02
1.511609399000000131e-01
1.395922094999999807e-01
1.028834106000000026e-01
2.372124099999999708e-02
6.041704059999999932e-02
8.788221959999999167e-02
8.464145000000000696e-02
1.079345300000000146e-01
1.972593145000000048e-01
2.154290260000000234e-01
1.152178422999999979e-01
6.400980489999999468e-02
4.216426229999999109e-02
9.670628840000000670e-02
1.113610173999999842e-01
8.390183900000000583e-02
7.773591400000000318e-02
7.182787999999999673e-02
1.969084100000000059e-02
3.939615199999999678e-02
6.735843999999999165e-02
5.943653499999999867e-02
5.360824500000001269e-02
4.299231500000001011e-02
9.354566999999998356e-02
2.813408999999999702e-02
4.493759000000000642e-02
1.521013800000000082e-01
9.744361500000001119e-02
5.053223500000000173e-02
1.077842990000000001e-01
7.660276900000001499e-02
5.267844099999999252e-02
7.722508950000001038e-02
3.701651450000000010e-02
1.167991720000000067e-01
1.510361040000000044e-01
1.485676559999999924e-01
2.792553500000000133e-02
2.427342600000000072e-02
5.894755400000000617e-02
5.635165400000000102e-02
3.509807650000000556e-02
9.039352949999999998e-02
1.223082899999999862e-01
3.513928900000000410e-02
7.404647799999999891e-02
4.784414599999999712e-02
6.365469099999998548e-02
1.878532780000000124e-01
2.033539400000000108e-01
8.377210000000001600e-02
8.449669799999999509e-02
1.284790239999999972e-01
4.629093100000000738e-02
1.189440240000000093e-01
7.522485700000001996e-02
3.056919400000000092e-02
5.344605799999999768e-02
8.181261399999999184e-02
5.529380899999999932e-02
9.113036000000000747e-02
7.536992900000000217e-02
2.940312400000000270e-02
3.758111499999999827e-02
5.962337000000000192e-02
5.116011399999999959e-02
4.726999900000000004e-02
6.843448800000000165e-02
5.222424700000000142e-02
5.657832000000000139e-02
4.375008500000000106e-02
3.746949499999999850e-02
6.078200999999999743e-02
1.888600000000000001e-02
1.314225629999999645e-01
6.434714449999999475e-02
8.527520649999999203e-02
8.690496810000000738e-02
6.741540369999998727e-02
5.978398439999999675e-02
6.289505720000000688e-02
9.145995900000000733e-02
6.182909799999999900e-02
7.338548199999998800e-02
7.411794999999998801e-02
4.847629550000000925e-02
8.207254850000000879e-02
7.067864299999999933e-02
9.706066200000000588e-02
1.637521010000000110e-01
1.854461309999999863e-01
8.842109500000000510e-02
7.360116899999999407e-02
5.086058899999999078e-02
3.412773499999998544e-02
4.846999000000001140e-02
4.554231479999999721e-02
5.657422719999999350e-02
5.445365800000000200e-02
6.254793300000000000e-02
3.551125200000000010e-02
4.228953500000000310e-02
2.208594099999999782e-02
2.809234500000000120e-02
7.627032200000000151e-02
9.058720200000000555e-02
4.607218999999999898e-02
1.033807999999999949e-01
1.646440400000000193e-01
8.106511000000000966e-02
5.272870000000000335e-02
6.260763000000001133e-02
1.221942800000000162e-01
1.082502500000000201e-01
5.649824500000001637e-02
2.327864000000000322e-02
7.346569599999999700e-02
8.899365099999997919e-02
5.339528000000000330e-02
4.388121000000000382e-02
6.081534999999999719e-02
2.108334499999999986e-02
6.351724000000000259e-02
8.867696499999998261e-02
6.514525999999999650e-02
9.096372999999999265e-02
1.171211500000000072e-01
9.112722500000000614e-02
7.394419499999999035e-02
4.354173999999998851e-02
2.836796999999999583e-02
1.426587000000000341e-02
7.705267999999999839e-02
3.752474000000000781e-02
5.395060500000000564e-02
6.814948999999999313e-02
5.669314500000000034e-02
5.510651499999999481e-02
9.517198699999999956e-02
7.991618200000001615e-02
6.879173500000000663e-02
1.329547500000000451e-02
6.676130499999999302e-02
3.776279999999999915e-02
6.928584999999998217e-02
1.475455049999999935e-01
7.155390500000000098e-02
8.987244999999999262e-02
1.158214999999999939e-01
5.538092499999999058e-02
3.137043089999998896e-02
