FramewiseDisplacement
1.038934999999997777e-01
1.898159000000001762e-01
1.293480349999999834e+00
7.356429999999979097e-02
2.819588500000000386e-01
2.154718499999999370e-01
3.165150499999998535e-01
3.935179999999996459e-01
3.762237500000003010e-01
4.147120499999999987e-01
2.884632499999999489e-01
2.717708999999999264e-01
3.921122999999998582e-01
7.393562000000001300e-01
7.847188499999999678e-01
1.750821100000000241e+00
2.471781479999999753e+00
3.340520199999999496e-01
2.917914999999999814e-01
9.935760599999999831e-01
2.679324100000000097e-01
4.220615000000000339e-01
3.413099900000000630e-01
2.926024400000000192e-01
1.907480099999999956e-01
1.867271099999999184e-01
1.717896499999999604e-01
2.538266500000000980e-01
2.015623499999999735e-01
1.799410999999999927e-01
1.402088500000001348e-01
1.960849499999999523e-01
7.333884100000001016e-01
2.751982739999999872e+00
9.071919999999999984e-01
4.336146499999999904e-01
9.544075000000001863e-02
4.688073500000000116e-01
3.660214000000001078e-01
2.796840000000000437e-01
9.854573999999997891e-02
1.158608799999999994e-01
5.706148999999999943e-02
1.103103859999999686e-01
1.235865540000000012e-01
1.070931899999999909e-01
2.622539299999999685e-01
1.341365399999999986e-01
1.418170100000000211e-01
3.130358099999999699e-01
1.487557500000000199e-01
4.928809499999999844e-01
2.943921999999999373e-01
1.648806700000000347e-01
2.371745000000000103e-01
1.443839199999999712e-01
1.549316999999999778e-01
1.962595399999999823e-01
6.124354299999999751e-02
6.031649699999999670e-02
5.956242999999999954e-02
1.152067000000000091e-01
5.963210000000000038e-02
5.776245000000000684e-02
4.334035000000000665e-02
8.104750000000000842e-02
4.894199999999998552e-02
1.181886499999999784e-01
3.177073000000000258e-01
1.694117999999999735e-01
3.344270350000000391e-01
2.322482049999999576e-01
2.054914500000000199e-01
1.408427699999999783e-01
2.301174149999999918e-01
8.140136500000000330e-02
9.997211499999998641e-02
2.398659649999999866e-01
7.653619999999999868e-02
1.037638950000000088e-01
1.505221499999999935e-01
8.119096499999998995e-02
6.013679499999999289e-02
4.889054500000000053e-02
9.243354999999998933e-02
1.350095700000000232e-01
9.150772000000001460e-02
7.025518499999999777e-02
3.568990150000000416e-01
9.576753500000001473e-02
1.036113850000000003e-01
7.053266499999999439e-02
1.545297049999999894e-01
2.843259000000000203e-01
1.297802900000000204e-01
7.823200000000000986e-02
9.808839000000001140e-02
1.135256399999999832e-01
5.508691000000001670e-02
2.636284000000000197e-02
1.517991999999999952e-01
1.410341549999999944e-01
1.881894550000000055e-01
1.945004670000000102e-01
1.153752419999999890e-01
1.165836849999999925e-01
2.006058499999999745e-01
1.559547999999999768e-01
6.040471000000004198e-02
2.071005600000000169e-01
1.871083600000000291e-01
1.086874399999999963e-01
1.471339500000000133e-01
5.122889999999999389e-02
1.597148500000000193e-01
1.389250500000000221e-01
1.168616099999999908e-01
1.022296960000000088e-01
1.730091559999999973e-01
1.636279300000000325e-01
1.360201649999999707e-01
5.645199499999999093e-02
5.574923099999998938e-02
4.967085899999999776e-02
1.373883939999999970e-01
1.512621039999999806e-01
8.916750000000001064e-02
1.236100499999999991e-01
6.798824000000001921e-02
1.279938899999999713e-01
2.474683500000000036e-01
1.086599850000000006e-01
3.232215499999999131e-02
6.934316000000001479e-02
8.155063000000001283e-02
7.673362000000000238e-02
9.605751999999999347e-02
6.912286000000000818e-02
9.641491000000000644e-02
4.551946000000001158e-02
9.167474999999999929e-02
7.792374000000001910e-02
5.144014000000000919e-02
7.601416599999999413e-01
3.224107400000000290e-01
1.467082599999999515e-01
1.248384499999999758e-01
3.377375999999999712e-01
1.192913499999999904e-01
9.434094999999997899e-02
8.074891000000002095e-02
1.234727699999999956e-01
1.133421250000000158e-01
1.454789649999999879e-01
1.073650000000000021e-01
8.805500000000000826e-02
1.052965000000000012e-01
1.027476999999999974e-01
1.123516299999999940e-01
5.146036999999999140e-02
4.840520500000000115e-01
3.644832000000000072e-01
5.010989999999999195e-02
1.845481999999999956e-01
1.330175999999999858e-01
9.780504999999999061e-02
1.312544849999999763e-01
1.325368650000000037e-01
1.552269099999999957e-01
2.407188100000000053e-01
1.720313450000000022e-01
1.688645099999999677e-01
1.198329499999999936e-01
4.650864000000001774e-02
1.004597049999999686e-01
1.155379699999999898e-01
1.397989700000000224e-01
2.179580200000000023e-01
1.512169794999999872e-01
7.309500950000000219e-02
1.275066600000000216e-01
2.469522799999999685e-01
3.206838899999999715e-01
8.961246999999999963e-02
3.507855000000004164e-02
7.033460000000001100e-02
2.508272000000000279e-01
1.917569500000000093e-01
1.445700399999999552e-01
7.444694000000001699e-02
9.348667999999994704e-02
5.152334000000000774e-02
1.062242699999999679e-01
8.163222000000000533e-02
1.885087199999999630e-01
1.443853661999999760e-01
1.892408661999999686e-01
9.075050000000001171e-02
1.419750700000000643e-01
2.586583699999999708e-01
4.578971500000000860e-01
1.316616999999999926e-01
2.241042000000000034e-01
1.616207500000000075e-01
3.837586499999999234e-01
1.482279200000000130e-01
7.303826000000002150e-02
9.773001000000003380e-02
