FramewiseDisplacement
6.461250000000004490e-02
1.401500000000000523e-01
1.201174999999999743e-01
6.382650000000006374e-02
9.036450000000006977e-02
7.368950000000003275e-02
5.936299999999996441e-02
4.058250000000006991e-02
1.620539999999999758e-01
8.939800000000010238e-02
7.448549999999991289e-02
8.905399999999993876e-02
5.840000000000011154e-02
1.328690999999999067e-01
1.636099000000000581e-01
3.127272000000000385e-01
1.684574799999999817e+00
3.734589700000000345e+00
1.227038199999999968e+00
1.051579100000000100e+00
2.342471300000000145e+00
5.781414500000000567e-01
2.033948500000000159e-01
2.968616000000000588e-01
1.577317500000000039e-01
1.306071999999999789e-01
8.127374999999997796e-02
1.168071999999999999e-01
1.568992550000000430e-01
1.340326549999999728e-01
1.188624799999999648e-01
1.488069800000000331e-01
4.699930000000000080e-02
1.025757999999999948e-01
3.137263000000000135e-01
2.614733000000000196e-01
2.360890800000000345e-01
3.089499049999999691e-01
1.648966050000000017e-01
1.465975118999999771e-01
1.890340318999999825e-01
5.275724999999999165e-02
8.125412000000001300e-02
1.142638800000000260e-01
3.780260000000001258e-02
9.979245000000000476e-02
8.323284999999999711e-02
1.252510500000000027e-01
1.302393099999999970e-01
1.104092699999999899e-01
1.836295800000000145e-01
7.895709000000000755e-02
9.625076000000000465e-02
1.362267500000000076e-01
3.002211099999999577e-01
2.790639600000000553e-01
2.382082999999999839e-01
1.357969999999999733e-01
1.239085999999999799e-01
8.400150000000000672e-02
2.101291200000000026e-01
9.881531000000000342e-02
6.875724000000001113e-02
2.720701400000000159e-01
9.981538999999998996e-02
4.304489999999999011e-02
1.083329750000000119e-01
9.260783499999999946e-02
1.095782655000000078e-01
1.708110595000000009e-01
8.908779499999999740e-02
1.996919600000000017e-01
2.297290290000000013e-01
1.797644209999999798e-01
7.420934999999999337e-02
1.408844500000000222e-01
1.417872499999999758e-01
1.684999000000000080e-01
8.342963500000000199e-02
1.420312049999999937e-01
1.763954499999999814e-01
1.031900100000000126e-01
4.623858499999999178e-02
5.970741550000000647e-02
6.534577450000000898e-02
1.569132050000000000e-01
5.058601999999997462e-02
4.309399699999999500e-01
1.959083749999999957e-01
1.960446850000000241e-01
6.999284999999998147e-02
9.006966499999999320e-02
1.353703249999999858e-01
1.630113499999999993e-01
8.258234999999999881e-02
1.907131999999999994e-01
3.743849999999999956e-02
1.857216499999999881e-01
4.398471000000000325e-02
8.160667000000000615e-02
1.123973750000000077e-01
4.013815000000000438e-02
6.666818500000000480e-02
2.225518370000000301e-01
8.633306799999998504e-02
7.086470000000000269e-02
7.626477499999999299e-02
2.130957450000000031e-01
1.232922800000000041e-01
1.180262049999999951e-01
1.766605700000000168e-01
1.316647200000000129e-01
1.653124799999999839e-01
3.369402400000000020e-01
5.177434400000000547e-01
2.277279399999999898e-01
1.713659549999999865e-01
1.699121349999999919e-01
4.044830000000002035e-02
6.621057000000001025e-02
8.217367999999998507e-02
8.157972000000002222e-02
2.590516000000000693e-02
1.089113100000000112e-01
9.373658500000001115e-02
1.132555749999999833e-01
1.512174500000000033e-01
3.878081500000000181e-01
3.222185999999999662e-01
3.154982200000000514e-01
7.300468000000000235e-02
2.482996599999999776e-01
9.318423999999998764e-02
1.978792600000000013e-01
9.720477999999999064e-02
6.840588999999999698e-02
5.347214000000000134e-02
8.823184999999998668e-02
6.782030999999999477e-02
4.051874999999999227e-02
2.010756845000000181e-01
1.305696294999999785e-01
4.160982949999999375e-02
1.198794654999999765e-01
1.147803500000000171e-01
5.805898999999997701e-02
1.685706100000000096e-01
1.210650999999999949e-01
2.708143249999999669e-01
1.956934310000000288e-01
1.141533940000000052e-01
8.139204999999995194e-02
1.755581550000000213e-01
1.548157050000000257e-01
1.158330900000000135e-01
1.050034400000000173e-01
9.803639999999999577e-02
1.051204150000000503e-01
9.941963499999997844e-02
2.138040449999999981e-01
1.108907549999999798e-01
9.062929999999996822e-02
6.085054999999997549e-02
1.342916300000000229e-01
1.132585800000000253e-01
1.344098200000000132e-01
9.776012000000003366e-02
1.323666145000000349e-01
1.980344855000000515e-01
1.850792999999998911e-01
1.263645999999999103e-01
9.812673500000010374e-02
6.136335500000000831e-02
5.997525000000006323e-02
5.720069999999995852e-02
1.004859200000000063e-01
7.600137000000006804e-02
8.951764999999997641e-02
1.936647999999999981e-01
5.250259999999997568e-02
1.522854999999999348e-01
1.398144599999999182e-01
8.563413999999996973e-02
1.126689999999999914e-01
9.012320000000002829e-02
2.063103499999999757e-01
9.766844999999997612e-02
1.531580499999999623e-01
1.482894000000000156e-01
6.533629999999993054e-02
5.981115000000004206e-02
1.109895000000000881e-01
1.221217499999999179e-01
6.760140499999997554e-02
5.574524500000004046e-02
7.447180000000000466e-02
1.288626499999999675e-01
1.542367499999999780e-01
5.090819999999999373e-02
1.166568499999999370e-01
1.260358499999999493e-01
1.047690500000000163e-01
5.594143000000000726e-02
1.050065300000000701e-01
5.808359999999995749e-02
8.774359999999994941e-02
7.299839999999990781e-02
4.088890000000000580e-02
