FramewiseDisplacement
1.563016799999999984e-01
1.525928500000000021e-01
1.254827200000000198e-01
1.053713300000000130e-01
1.180603600000000170e-01
8.159985999999999629e-02
1.006557200000000041e-01
9.297194999999999765e-02
7.873955999999998623e-02
5.918022000000000560e-02
5.792410000000000614e-02
4.461960000000000232e-02
5.676210000000001671e-02
8.631915000000001115e-02
2.110199999999998188e-02
8.917845000000002020e-02
1.428460000000000008e-01
1.252355500000000288e-01
7.565180000000000515e-02
9.009514999999998497e-02
1.325855000000000228e-01
1.144669950000000019e-01
1.777023450000000393e-01
1.523682000000000092e-01
6.996999999999999054e-02
9.720552000000000359e-02
1.091275199999999918e-01
9.660110000000005082e-02
1.407028499999999627e-01
5.972402999999997658e-02
3.911502000000000728e-02
6.188085999999998199e-02
7.507135999999998976e-02
7.436500000000001442e-02
5.500089999999999840e-02
6.921545000000001169e-02
1.099633499999999875e-01
8.807954999999999257e-02
3.204494999999998872e-02
5.394039000000000472e-02
7.930263999999997981e-02
1.097970789999999919e-01
6.768017900000000697e-02
1.126429999999999931e-01
1.694391499999999828e-01
1.371321650000000003e-01
2.212179150000000150e-01
8.233759799999999796e-02
6.833718200000001020e-02
3.007597000000002130e-02
7.749904999999998600e-02
1.061541500000000027e-01
1.387658449999999988e-01
3.337366000000001331e-02
1.309347929000000132e-01
1.085988120999999973e-01
7.906659499999998952e-02
7.723016500000000339e-02
5.591641049999999946e-02
8.413780449999999633e-02
8.758623499999999840e-02
5.906974999999999032e-02
1.521399500000000238e-01
7.344014999999998183e-02
1.356142199999999798e-01
9.124110499999997514e-02
6.857276499999999386e-02
1.131436600000000070e-01
7.319815500000000086e-02
7.441025500000000847e-02
7.181805500000000564e-02
3.822800499999998852e-02
1.205762100000000170e-01
1.320443799999999890e-01
5.972708499999999920e-02
5.480531500000000028e-02
4.370541499999999746e-02
6.094615000000000449e-02
2.031764999999999960e-02
8.689707999999998767e-02
8.854387000000001062e-02
2.672754499999999492e-02
6.594258000000000064e-02
1.279878799999999983e-01
1.071968499999999963e-01
7.867451200000000200e-02
1.390844700000000260e-02
1.253293800000000180e-01
1.981140400000000190e-01
1.457664499999999919e-01
1.420613599999999976e-01
6.436711999999999989e-02
3.992376999999999732e-02
2.922126499999999974e-02
8.191355000000000164e-02
1.767321499999999768e-01
2.324462999999999946e-01
2.248164300000000393e-01
1.737541499999999961e-01
6.314805000000001112e-02
1.342249000000000081e-01
1.073652999999999968e-01
1.788392499999999496e-01
8.489762999999997395e-02
2.392359800000000147e-01
8.046329999999998761e-02
3.362389500000000087e-02
7.634164500000001352e-02
8.174365000000000103e-02
6.629777599999997495e-02
3.318079599999998464e-02
7.347844000000001985e-02
6.030158999999998826e-02
5.767215600000000220e-02
2.560681400000000205e-02
3.881247100000000394e-01
2.194980300000000106e-01
1.134844850000000099e-01
1.593873150000000294e-01
2.809608999999999718e-02
8.412403800000001208e-02
1.252196680000000062e-01
3.594364999999999366e-02
8.185865999999999976e-02
1.241583099999999940e-01
1.904868000000000117e-01
1.343755749999999694e-01
9.654977499999999047e-02
1.903253300000000148e-01
1.528274000000000021e-01
2.004086099999999870e-01
6.245310000000000444e-02
6.610486000000001527e-02
9.231833000000000400e-02
2.000089099999999842e-01
1.682962500000000083e-01
1.469019000000000019e-01
1.213707600000000220e-01
1.482662900000000228e-01
2.335029500000000147e-01
3.951710500000000237e-01
1.561310999999999949e-01
1.360802999999999596e-01
1.331220000000000181e-01
1.254962999999999496e-01
2.928864000000001022e-01
1.646996999999999489e-01
3.552368000000000192e-01
1.945324299999999784e-01
1.101318300000000139e-01
2.121390999999999694e-01
3.247239499999999834e-01
2.041612900000000508e-01
1.026563399999999848e-01
1.487390000000000101e-01
2.761579999999994733e-02
9.837724000000000468e-02
1.753906699999999708e-01
1.262817900000000326e-01
1.024494000000000238e-01
6.311609999999999443e-02
1.027695700000000184e-01
1.160412700000000019e-01
7.960699999999999721e-02
9.078894000000001241e-02
8.537630999999999692e-02
9.737459199999998205e-02
1.222023619999999533e-01
1.164762300000000139e-01
1.161520000000000052e-01
9.724502000000000146e-02
8.605744999999997980e-02
1.892167000000000154e-01
1.649562000000000250e-01
1.700657999999999892e-01
5.276859999999995721e-02
1.602316000000000018e-01
3.548389999999999600e-01
2.287559000000000120e-01
1.411006999999999401e-01
1.146763999999999700e-01
1.708760500000000293e-01
4.594864999999993121e-02
1.334499000000000657e-01
2.819214999999999915e-01
3.131843000000000266e-01
2.777706999999999815e-01
1.209615499999999733e-01
1.261945999999999901e-01
9.873254999999997450e-02
