FramewiseDisplacement
7.288157999999998748e-02
1.228211549999999874e-01
9.259625499999998843e-02
6.045302499999997969e-02
5.068209499999997564e-02
6.288873500000000116e-02
4.182409600000001199e-02
7.623944600000000238e-02
3.592909999999999854e-02
1.322849650000000321e-01
1.269140650000000203e-01
4.285236500000000337e-02
3.599861999999999507e-02
1.054761899999999974e-01
1.101063750000000202e-01
5.247758500000000714e-02
8.980635000000000701e-02
6.292413999999999508e-01
3.000669900000000334e-01
5.469248999999999639e-02
9.239519499999998553e-02
6.308924500000000213e-02
1.271010049999999891e-01
4.146772000000000652e-02
7.565870699999999172e-02
7.427449199999999752e-02
4.176019999999999038e-02
8.446314999999998685e-02
1.049887300000000023e-01
1.335904800000000114e-01
1.650671200000000116e-01
1.100330200000000092e-01
9.189275000000000915e-02
1.087198999999999943e-01
1.325245749999999778e-01
1.155848250000000021e-01
1.682170999999999805e-01
2.397502250000000112e-01
3.079205049999999555e-01
1.668777649999999835e-01
1.266638099999999878e-01
7.684999000000000691e-02
8.540248500000000020e-02
5.999934999999999991e-02
1.298356499999999969e-01
1.600245600000000379e-01
1.041678399999999977e-01
1.452340200000000192e-01
1.808524999999999716e-01
8.278139999999999110e-02
6.437850000000000517e-02
5.406689999999998719e-02
2.376110000000001068e-02
3.702849999999999198e-02
8.594503499999997520e-02
1.234147349999999838e-01
9.956519999999999260e-02
3.173255000000001214e-02
7.499965000000000104e-02
1.068276999999999838e-01
4.600779999999998759e-02
7.436090000000000755e-02
8.967580000000001383e-02
1.270923000000000191e-01
1.387126999999999943e-01
1.070739500000000149e-01
6.298569999999999169e-02
4.716435000000000072e-02
7.617800000000000959e-02
1.106201000000000129e-01
5.902820000000001677e-02
1.477299450000000292e-01
1.635688450000000183e-01
1.316067499999999946e-01
1.224825699999999989e-01
8.348387000000001557e-02
9.326259000000002020e-02
4.943939999999999446e-02
4.431168000000000606e-02
4.383697500000000719e-02
1.540379450000000094e-01
6.806724999999999581e-02
5.634627499999998040e-02
7.201501500000001554e-02
1.142602600000000301e-01
2.716259999999999508e-02
6.848164999999999114e-02
9.856254999999998490e-02
7.773080999999998353e-02
7.448480999999998464e-02
9.629811499999997582e-02
4.149286350000000456e-01
2.216210900000000206e-01
8.274552099999999966e-01
4.595489449999999865e-01
1.029835449999999958e-01
1.302848350000000155e-01
8.110640800000000483e-02
7.359156399999999820e-02
7.761901100000000164e-02
8.159726000000000479e-02
6.590712999999999433e-02
3.986462000000000339e-02
4.923627000000001253e-02
4.735364000000000240e-02
1.910911149999999781e-01
1.006122949999999905e-01
1.298908500000000021e-01
1.928249499999999950e-01
1.209474695000000016e-01
1.046394194999999971e-01
7.691486350000001360e-02
1.097752735000000063e-01
7.641916199999999881e-02
1.073358370000000034e-01
4.730007950000000155e-02
1.066006855000000003e-01
1.236596535000000080e-01
1.116326865000000085e-01
1.065846050000000128e-01
5.214130999999999627e-02
1.197785514999999967e-01
1.278739865000000087e-01
1.625684310000000132e-01
1.574838949999999849e-01
1.031776149999999864e-01
1.240182629999999897e-01
1.523632699999999951e-01
1.446096299999999890e-01
1.829649699999999768e-01
1.164044000000000051e-01
7.247064999999999757e-02
4.012308000000000541e-02
7.744383670000000441e-02
2.226470670000000110e-02
9.200895000000000601e-02
6.313689000000000107e-02
4.935809999999999503e-02
6.309296999999998434e-02
5.735690999999999706e-02
1.090290000000000009e-01
3.892916999999999905e-02
3.479468199999999345e-02
6.146969799999998235e-02
2.999644200000000094e-01
2.095348285000000033e+00
7.037672550000000360e-01
8.604056700000000113e-01
1.907067000000000068e-01
8.961149999999999671e-02
5.210165999999998021e-02
1.004533400000000160e-01
3.898801999999999129e-02
5.881776999999998451e-02
8.387519299999997291e-02
6.430007199999998591e-02
9.042116499999999779e-02
9.950278000000001288e-02
5.247177999999998177e-02
1.485241499999999659e-01
9.057239999999999736e-02
6.048070000000005386e-02
1.213921500000000459e-01
2.910494299999999424e-01
3.279140999999999306e-02
1.506692499999999768e-01
1.266641000000000017e-01
3.589961300000000244e-01
3.100359499999999491e-01
1.607480950000000075e-01
9.673193499999999112e-02
7.901120499999997326e-02
1.175317279999999881e-01
8.108168300000001549e-02
5.204257500000000064e-02
7.291922500000000418e-02
7.286929000000000323e-02
4.387091999999999381e-02
2.647640000000001104e-02
6.617449100000000195e-02
7.722177099999998073e-02
5.830324999999999397e-02
7.904268999999999878e-02
6.316729999999999567e-02
1.002779749999999914e-01
5.189507750000000863e-01
4.820566500000000310e-01
3.173977499999999785e-01
2.304701300000000230e-01
2.681764807400000006e-01
