FramewiseDisplacement
3.957888251758999443e-02
8.082352692241000225e-02
8.238698406000001528e-02
9.821155438999998322e-02
7.885038499999999506e-02
1.060517949999999765e-01
9.091606534000000461e-02
2.923904528999999794e-02
9.864167375000000570e-02
7.851008383000000757e-02
5.783423070999999666e-02
1.244523587200000170e-01
6.410279303999999456e-02
7.103405498999999790e-02
9.080556634999999155e-02
1.196933800000000020e-01
1.276812697999999968e-01
9.046694680000000321e-02
4.417619359999999662e-02
7.900670120000000130e-02
1.053291286999999965e-01
1.210217164000000067e-01
8.500636800000001270e-02
4.497397599999999884e-02
4.754914629999999753e-02
1.511564331000000150e-01
1.564776395000000153e-01
1.094518700000000067e-01
8.711358149999999523e-02
1.471235343999999778e-01
1.187900350999999965e-01
1.060333676999999780e-01
7.155173029999999101e-02
5.352508059999998985e-02
5.666436059999999802e-02
7.905969959999999130e-02
9.468907359999999274e-02
9.694631689999999580e-02
6.647503460000001030e-02
1.148020807000000032e-01
1.030451864000000023e-01
8.452800860000000971e-02
5.689907150000000219e-02
8.763706089999998006e-02
1.232013600999999903e-01
6.197928940000001219e-02
7.646346079999999379e-02
5.371705880000000877e-02
4.418812589999999985e-02
4.700277229999999529e-02
1.170149223000000044e-01
1.341156919000000003e-01
6.772927049999999394e-02
5.465198500000000015e-02
4.213436889999999657e-02
8.975720330000000469e-02
6.541477700000000728e-02
5.598101000000000466e-02
9.992332000000000991e-02
1.376711549999999895e-01
1.432781750000000076e-01
5.970915499999999293e-02
6.299695499999999337e-02
1.142071250000000066e-01
1.276862350000000090e-01
1.656546620000000081e-01
1.704737570000000035e-01
8.710917680000000718e-02
9.465758679999998482e-02
6.100713959999998909e-02
8.718301459999999725e-02
6.215517199999999465e-02
7.695271199999999256e-02
8.916131499999999099e-02
5.400984000000000340e-02
7.705269999999998787e-02
1.026510384999999997e-01
1.297993034999999906e-01
1.373268279999999841e-01
1.339604429999999846e-01
1.153070759000000001e-01
6.386933849999999746e-02
7.729435940000001226e-02
8.314205214999999261e-02
4.796269064999999360e-02
1.226594323000000097e-01
9.610339500000002200e-02
9.056699380000000910e-02
6.644632289999999331e-02
7.312320959999998871e-02
1.110523337000000055e-01
9.005893739999999703e-02
1.554960234999999968e-01
1.515594738000000108e-01
1.071948139999999994e-01
9.079455999999999638e-02
2.509340370000000611e-02
1.060374453999999994e-01
1.802486992999999815e-01
9.918082290000000689e-02
8.713084829999999392e-02
1.164659137000000066e-01
1.354460494999999709e-01
1.236518575000000036e-01
1.267728841999999911e-01
9.069701549999999168e-02
7.563945570000001062e-02
7.912739940000000638e-02
7.650991499999999779e-02
5.919809249999999357e-02
7.955734629999999807e-02
8.923355269999999617e-02
6.503715200000000085e-02
1.031555589000000134e-01
1.675580404000000245e-01
1.713296008999999898e-01
7.740722129999999535e-02
5.000472289999999265e-02
1.195086000999999870e-01
1.045027050000000013e-01
7.273140399999998562e-02
6.354445400000000022e-02
9.038751000000000424e-02
8.786459000000000630e-02
7.727225000000000066e-02
1.002004800000000223e-01
1.164062000000000152e-01
1.391914200000000101e-01
8.029205000000000370e-02
7.042489999999999861e-02
6.878605000000000136e-02
3.823164000000000423e-02
1.093016809999999950e+00
4.568132000000000303e-01
7.507940000000000447e-02
3.687060000000000337e-02
9.014120000000000466e-02
1.163307000000000091e-01
9.180642999999999443e-02
1.563044299999999942e-01
1.490869699999999853e-01
1.394299700000000142e-01
8.655310000000002169e-02
7.693814300000001438e-02
8.094794299999998055e-02
4.784219999999999445e-02
9.936486000000002705e-02
8.498316000000002979e-02
1.141301400000000188e-01
9.120424000000001974e-02
6.748262000000003480e-02
7.678691999999998075e-02
5.430880000000001123e-02
9.041300000000002113e-02
1.139603999999999895e-01
9.421233999999999165e-02
8.891524000000002037e-02
1.607056999999999791e-01
7.624911999999998968e-02
1.050618700000000155e-01
7.854845000000001964e-02
1.414267000000000163e-01
1.423443000000000069e-01
1.045361999999999958e-01
1.270322999999999869e-01
1.433313900000000030e-01
1.805085899999999965e-01
1.990964999999999541e-01
1.004253999999999702e-01
9.069880000000003772e-02
9.291363000000003869e-02
1.346852299999999891e-01
1.279303000000000246e-01
1.077908000000000061e-01
5.304549999999997462e-02
5.923523999999996681e-02
1.092240400000000083e-01
6.728969999999998008e-02
4.588590000000000030e-02
9.227100000000000579e-02
9.498509999999996123e-02
1.308604999999999907e-01
1.302360000000000184e-01
1.210441200000000328e-01
8.075942000000001231e-02
7.940864999999996954e-02
1.224118500000000026e-01
1.021147000000000304e-01
9.366380000000003314e-02
1.134961000000000303e-01
