FramewiseDisplacement
5.935557214000000137e-01
1.292711186000000123e-01
4.896146999999997917e-02
1.064312741000000284e-01
6.010573409999999533e-02
7.072243999999999753e-02
5.358060000000002682e-02
9.466553999999996472e-02
8.702897999999999190e-02
1.533956799999999787e-01
6.147886599999998758e-01
4.506768699999999517e-01
1.807516700000000032e-01
6.893700000000001216e-02
6.769920500000001229e-02
1.098539050000000294e-01
3.812888749999999716e-01
1.963181349999999770e-01
9.375193000000001109e-02
1.011857799999999752e-01
1.552665349999999833e-01
1.261180349999999895e-01
7.236123999999999334e-02
4.137850499999999598e-02
1.951303500000000496e-02
6.804898000000002278e-02
1.645505949999999940e-01
1.204774149999999905e-01
1.234520599999999746e-01
1.101050299999999926e-01
9.194865499999999026e-02
4.450272999999999729e-02
7.611645499999999953e-02
1.006997500000000045e-01
1.054133349999999969e-01
6.255598500000000839e-02
1.220526500000000125e-01
1.477487499999999843e-01
7.966479999999999395e-02
1.019777000000000045e-01
3.795335000000001763e-02
6.030445000000000250e-02
9.012015000000000997e-02
6.971535000000000926e-02
9.022988999999999316e-02
7.031367999999997564e-02
6.512486000000000663e-02
3.839114999999999889e-02
5.393269999999998621e-02
5.437600000000000072e-02
2.621165000000000300e-02
4.411054999999999837e-02
1.134617500000000140e-01
1.940773399999999593e-01
1.764495899999999895e-01
7.519960700000000164e-02
1.099592070000000033e-01
1.314908399999999977e-01
1.571919984999999853e-01
1.327243715000000213e-01
9.784597950000001321e-02
7.576171050000000962e-02
6.053680999999999646e-02
6.038170000000000343e-02
8.695628000000001079e-02
4.941672000000001119e-02
7.884386000000000172e-02
2.554290000000000033e-02
4.213680000000000203e-02
8.990755999999999748e-02
1.362154300000000262e-01
6.831970999999999183e-02
5.211208999999999286e-02
1.049191999999999902e-01
3.424784999999999635e-02
7.757445000000000312e-02
2.118889899999999993e-01
3.248910400000000198e-01
8.934519999999998574e-02
8.770029999999998105e-02
7.484645000000000881e-02
1.511662499999999743e-01
1.982710500000000042e-01
1.272285999999999972e-01
1.256679500000000005e-01
1.609935499999999853e-01
5.955540000000000139e-02
9.703894999999999882e-02
4.400234999999999563e-02
5.677406500000000550e-02
8.248324500000002446e-02
9.141148999999999802e-02
1.051492000000000121e-01
2.361466800000000255e-01
1.937013036000000132e-01
6.173331514000001130e-01
3.243655500000000580e-01
2.999901249999999964e-01
9.865720000000000045e-02
7.495557500000001039e-02
5.858770999999999424e-02
4.903841000000001837e-02
8.621610000000000384e-02
2.275645000000000792e-02
9.379594999999998906e-02
5.087360000000000493e-02
7.048155000000000392e-02
2.239017999999999842e-01
1.893195799999999873e-01
9.408156999999998937e-02
5.092852999999999963e-02
4.819110199999999677e-01
4.587360000000000326e-01
2.022600499999999690e-01
2.611830600000000224e-01
3.094962700000000178e-01
1.857459219999999800e-01
1.196655580000000052e-01
2.201761830000000530e-01
2.049136330000000117e-01
1.416616099999999656e-01
1.762835099999999766e-01
9.333330000000000792e-02
6.938434999999999742e-02
1.503303649999999936e-01
4.940550550000000207e-02
7.668023449999999963e-02
3.196910599999999714e-02
1.090703500000000103e-01
1.412056499999999881e-01
1.264820500000000403e-01
1.620120500000000185e-01
8.504525499999998628e-02
4.720256000000000451e-02
4.995536000000001114e-02
4.229857500000001186e-02
6.375114999999999255e-02
3.945744999999999808e-02
2.752970000000000417e-02
7.168864999999999266e-02
1.243812450000000153e-01
4.567283500000000884e-02
7.025763500000002659e-02
5.592592500000000827e-02
9.487521999999999622e-02
6.714997999999999800e-02
3.826327499999999243e-02
5.069357499999999073e-02
4.798920000000000963e-02
1.161366000000000065e-01
1.117176949999999919e-01
2.460830000000000656e-02
2.124327999999998939e-02
1.025729250000000231e-01
7.866954999999999087e-02
8.793559999999997490e-02
5.777320000000001066e-02
8.138024999999998732e-02
1.906909999999999716e-01
1.854845499999999980e-01
9.547194999999999987e-02
6.648365000000001912e-02
5.252515000000001349e-02
3.288459999999998606e-02
6.757595000000000962e-02
1.156414999999999804e-01
8.516990000000000671e-02
5.225100000000001965e-02
8.440625000000000211e-02
4.676917000000000435e-01
2.807358500000000090e-01
1.456307000000000018e-01
1.762261999999999995e-01
4.598455000000000598e-02
5.723399999999998627e-02
8.377909999999998136e-02
1.035574999999999968e-01
2.005150000000001376e-02
5.608964999999999090e-02
1.332412000000000041e-01
9.938099999999996936e-02
2.814145000000001923e-02
6.705859999999999599e-02
8.469054999999998945e-02
7.855644999999999989e-02
6.791579000000000366e-02
9.519353999999997928e-02
9.453830000000000566e-02
8.909669999999998702e-02
8.791264999999999497e-02
