FramewiseDisplacement
5.140902200000002642e-02
1.882170500000000246e-01
3.254760000000000431e-01
3.169596499999999817e-01
1.326816500000000398e-01
1.086700000000000443e-01
1.002600499999999895e-01
1.462843499999999797e-01
2.503137100000000226e-01
1.979704699999999540e-01
1.443003399999999992e-01
1.223613300000000181e-01
4.596395000000001035e-02
1.061431800000000314e-01
1.376885500000000484e-01
3.829224999999999296e-02
1.119514000000000065e-01
1.548411000000000093e-01
1.379559399999999436e-01
1.384254849999999870e-01
1.464758050000000145e-01
8.277255000000000723e-03
7.686587499999998629e-02
2.277868299999999957e-01
1.294207911000000155e-01
9.718715390000000343e-02
1.182556349999999840e-01
1.001475199999999899e-01
3.525420000000000637e-02
1.302029700000000012e-01
1.758905600000000014e-01
9.316807500000000297e-02
1.221099250000000080e-01
8.516465000000000840e-02
8.587734999999999119e-02
8.367700000000000138e-02
6.523195000000001076e-02
3.651167999999999636e-01
1.216108000000000189e-01
1.892332499999999917e-01
1.132695999999999981e-01
3.656345000000001122e-02
3.840389999999999082e-02
4.915395000000001569e-02
7.938979999999999648e-02
1.227151699999999984e-01
4.899682000000001730e-02
1.576487999999999778e-01
1.602892500000000220e-01
1.235747950000000150e-01
1.166005449999999860e-01
1.476366000000000067e-01
7.475699999999999013e-02
6.083565000000001194e-02
4.106379500000000710e-02
7.138759500000001201e-02
1.072782000000000041e-01
1.395566400000000096e-01
9.261404500000001982e-02
1.071155049999999997e-01
1.224975999999999982e-01
1.149299549999999864e-01
5.775132499999999919e-02
3.446997499999999992e-02
1.230202049999999936e-01
1.551340200000000114e-01
3.268977399999999922e-01
1.977721399999999852e-01
1.142619900000000077e-01
8.871627999999998071e-02
1.294364199999999965e-01
4.676185000000000758e-02
7.837512000000000645e-02
4.933418499999999568e-02
5.667226999999999681e-02
5.488901999999999670e-02
3.217877999999999711e-02
6.301462500000000466e-02
5.631767000000000023e-02
7.718975499999999879e-02
6.864963000000000315e-02
9.713494400000000084e-02
5.853769899999999859e-02
6.612437999999999649e-02
1.407883850000000159e-01
1.372968649999999902e-01
8.718468000000001439e-02
8.959172000000001357e-02
1.428926600000000047e-01
1.487293000000000642e-02
8.696953999999999796e-02
5.769546999999999176e-02
9.579415000000000846e-02
4.800190000000000706e-02
1.672214800000000057e-01
2.627028399999999930e-01
9.015820000000000778e-02
1.340412400000000059e-01
1.212754900000000274e-01
6.907694500000000071e-02
8.142770499999998912e-02
1.505128500000000036e-01
1.461436799999999980e-01
6.621783000000001917e-02
7.092814999999999537e-02
1.044760099999999942e-01
6.045005000000001211e-02
8.173840000000001660e-02
4.788150000000002127e-02
4.072521500000002292e-02
8.033426499999998804e-02
4.757965000000000111e-02
6.693471500000000574e-02
7.849736999999998299e-02
1.276181349999999937e-01
8.127115000000001421e-02
1.357542649999999851e-01
3.279569999999999708e-02
5.488077000000001621e-02
1.483992849999999919e-01
1.915327000000000002e-01
2.665326500000000376e-01
1.421987500000000404e-01
1.286242999999999970e-01
1.036566499999999891e-01
1.119844000000000256e-01
2.384514849999999908e-01
1.349435849999999770e-01
1.485851499999999992e-01
9.795494999999999897e-02
8.092825000000002100e-02
6.140859999999997987e-02
6.911800000000002664e-02
1.300036499999999984e-01
4.271320000000000672e-02
1.108427999999999636e-01
3.928545000000003423e-02
9.133415000000001671e-02
2.259485999999999994e-01
1.225393500000000330e-01
7.207775000000002374e-02
5.106715000000004723e-02
7.051259999999998085e-02
8.783250000000002167e-02
1.500984499999999944e-01
1.676969700000000285e-01
1.204536900000000160e-01
1.091405050000000265e-01
5.247585500000005732e-02
8.552095999999999310e-02
8.142074999999998619e-02
2.008771599999999713e-01
2.347242999999999691e-01
1.046754000000000018e-01
6.735219000000002010e-02
1.534208000000000238e-01
2.316886999999999974e-01
2.567297899999999578e-01
7.356774999999998732e-02
1.139918499999999779e-01
1.108696500000000001e-01
4.839180000000002646e-02
3.059170000000001333e-02
2.459269999999999512e-02
6.846361999999998893e-02
1.422790300000000008e-01
5.046433999999999642e-01
2.327093000000000078e-01
1.493614399999999842e-01
1.129770480000000243e-01
9.649841199999999175e-02
8.732031999999997907e-02
5.792608999999997871e-02
4.769848000000000143e-02
1.016910299999999878e-01
6.539957999999998495e-02
7.321041000000000354e-02
1.170347300000000035e-01
2.263918900000000400e-01
1.240803499999999920e-01
1.210141499999999870e-01
7.548185000000000311e-02
8.431910000000002181e-02
3.452039999999997888e-02
8.761043700000001322e-02
9.256578699999998272e-02
1.231165899999999980e-01
1.126970200000000089e-01
1.359744200000000125e-01
1.345023500000000205e-01
