FramewiseDisplacement
7.651873400000001879e-02
4.795669399999998722e-02
6.979990999999999279e-02
9.145116999999997054e-02
1.000374300000000105e-01
8.893624999999999448e-02
7.112132999999998262e-02
6.529894999999999450e-02
3.959750000000000075e-02
3.322940000000001309e-02
3.722720000000000196e-02
6.396489999999999121e-02
1.964300000000001115e-02
1.022771499999999834e-01
1.251132000000000077e-01
1.311142999999999892e-01
1.473548499999999817e-01
1.692687499999999956e-01
9.400109999999999022e-02
7.859785000000001076e-02
8.331872000000001277e-02
1.165850699999999712e-01
1.031294999999999989e-01
7.593850000000000600e-02
4.655140099999998532e-02
5.901438100000000464e-02
6.808316999999999841e-02
8.914121999999999324e-02
5.357668000000000152e-02
1.097136600000000045e-01
6.503150999999998683e-02
6.710225999999998303e-02
7.374715999999999216e-02
6.096242999999999107e-02
7.618716000000000377e-02
1.050991100000000095e-01
1.121147499999999714e-01
3.822810999999996101e-02
1.200176000000000298e-01
9.350899999999999490e-02
3.476043100000000274e-01
2.171924500000000369e-01
1.563166700000000464e-01
9.693291999999999187e-02
1.223420999999999814e-01
7.424459999999999393e-02
1.219492000000000215e-01
1.228967200000000010e-01
2.767387999999998752e-02
3.579084999999999905e-02
4.463543999999999845e-02
2.341288300000000100e-01
1.453512499999999597e-01
6.650585999999998610e-02
6.354448000000000041e-02
5.046862999999999350e-02
1.123558920000000128e-01
1.037407419999999830e-01
4.852702100000001045e-02
1.474746710000000016e-01
9.850530000000000397e-02
9.813595000000001345e-02
1.020689999999999931e-01
1.394476099999999996e-01
1.066272119999999990e-01
6.502872199999999714e-02
8.881990050000000692e-02
7.560023550000001535e-02
6.631580999999998893e-02
9.242515700000000778e-02
8.514324800000000470e-02
5.057552499999999618e-02
9.019277500000000281e-02
5.180862499999999704e-02
2.048539999999998695e-02
1.096989999999999910e-01
9.786654499999999923e-02
1.415708235000000259e-01
1.164500015000000110e-01
7.526088499999999959e-02
9.305752800000001435e-02
9.068330299999999289e-02
7.328878499999999518e-02
3.192050500000000179e-02
9.288415499999999603e-02
9.749465499999999951e-02
3.584610999999998660e-02
3.146400000000003621e-03
8.708330000000000237e-02
7.797511999999999499e-02
2.925370000000000054e-02
6.548085500000000447e-02
8.261501499999999998e-02
7.929875499999999855e-02
1.663091195000000189e-01
1.399187444999999974e-01
7.737296000000000451e-02
1.092383249999999972e-01
9.954522000000000370e-02
3.865314499999999986e-02
5.498360199999999254e-02
7.485766200000000536e-02
3.142137999999999876e-02
1.725381499999999874e-02
5.248248999999999970e-02
8.715061000000000335e-02
8.227195499999999384e-02
1.088573399999999969e-01
1.021561299999999978e-01
1.156827750000000016e-01
6.546098499999999931e-02
3.996470000000000578e-02
5.741049999999998932e-02
7.714113000000000220e-02
1.022467800000000093e-01
3.922279999999999517e-02
8.379598500000000338e-02
5.851366999999998986e-02
1.270103499999999941e-01
6.140745000000000231e-02
6.146864999999998580e-02
1.178843399999999764e-01
1.012889049999999985e-01
8.932086499999999929e-02
7.369006000000000167e-02
6.694561000000000262e-02
4.578757000000000660e-02
9.626445499999999877e-02
4.634785000000000987e-02
1.516575399999999796e-01
9.957694499999995841e-02
7.649540999999999979e-02
1.004782500000000051e-01
7.355491499999999849e-02
1.125062350000000100e-01
1.410033650000000194e-01
5.213447000000000914e-02
1.373694049999999722e-01
3.037027999999999603e-02
7.032697499999999990e-02
6.560998000000001218e-02
1.186640750000000077e-01
1.017264300000000066e-01
4.802664000000000932e-02
8.321435000000000637e-02
1.098366250000000210e-01
6.170135500000001327e-02
4.822364999999999291e-02
4.416322999999999777e-02
4.080769999999999537e-02
7.169005000000000516e-02
4.544470000000001147e-02
7.408025000000001414e-02
4.965760000000000313e-02
6.109647999999999468e-02
9.583867999999999554e-02
1.164074300000000062e-01
1.114420299999999975e-01
5.472754999999998593e-02
8.504408500000000537e-02
1.366615200000000085e-01
1.125499650000000018e-01
8.931345000000000256e-02
3.097144999999999759e-02
7.460649999999996451e-02
7.412596499999998811e-02
6.561779999999999002e-02
4.661315000000001291e-02
9.523033000000000192e-02
1.095693449999999985e-01
3.224937500000000373e-02
5.295832199999999518e-02
3.488372200000000589e-02
5.022759999999999725e-02
3.433863400000002064e-02
6.864393399999998979e-02
5.266003000000000350e-02
2.093788999999999373e-02
5.191433999999999632e-02
6.005146499999999832e-02
8.655716500000000535e-02
6.785209999999998465e-02
8.774196500000000509e-02
1.022054650000000231e-01
6.100345000000001461e-02
7.387296499999999877e-02
8.006067999999999518e-02
1.191628649999999789e-01
1.016593849999999771e-01
1.349490799999999990e-01
1.272017299999999851e-01
1.120949599999999935e-01
4.878935999999998996e-02
6.864780000000000881e-02
1.279087999999999614e-01
5.700810000000002681e-02
9.774088999999998306e-02
1.773540200000000011e-01
4.827143999999997104e-02
9.008141000000000065e-02
5.602090000000002623e-02
9.750065000000002202e-02
1.065986000000000156e-01
7.226596999999999882e-02
3.985165500000004135e-02
1.510497149999999733e-01
1.986255999999999577e-01
1.402874849999999896e-01
