FramewiseDisplacement
1.062431677999999824e-01
7.603263379999998517e-02
2.190555500000000433e-01
1.379237000000000102e-01
1.346094150000000100e-01
1.628332649999999493e-01
7.620302499999999368e-02
1.232684549999999574e-01
1.969255329999999582e-01
2.065844370000000096e-01
9.797439999999998927e-02
1.383059500000000386e-01
2.102344230000000036e-01
7.581021099999997459e-02
1.579190179999999666e-01
1.531984199999999741e-01
7.190789999999994131e-02
3.161139499999999769e-01
1.273767999999999845e-01
1.057764149999999986e-01
2.194590750000000312e-01
2.079559899999999795e-01
1.610989400000000238e-01
9.070817899999999989e-02
1.305228309999999781e-01
1.686882099999999496e-01
1.209042099999999703e-01
8.182623500000001104e-02
5.906567500000002580e-02
1.051020600000000110e-01
1.509409799999999746e-01
6.248914999999999331e-02
9.164490000000000136e-02
7.967774999999999164e-02
7.339024999999999022e-02
1.103760999999999909e-01
9.595440000000000913e-02
1.568327699999999547e-01
7.619497499999997037e-02
9.088557499999999623e-02
6.188370000000002757e-02
1.448721100000000261e-01
7.385093000000002295e-02
1.123639800000000022e-01
5.765206999999996501e-02
7.378879999999997386e-02
5.929909999999995185e-02
5.065196000000003751e-02
1.283631600000000039e-01
6.275634999999998853e-02
7.944794999999998941e-02
1.797581849999999870e-01
1.480252850000000064e-01
9.729567499999998426e-02
8.106697499999999945e-02
3.487529999999999103e-02
6.212099999999998873e-02
1.358688499999999577e-01
1.299996999999999681e-01
9.927414999999999157e-02
3.823870000000000047e-02
1.026585000000000136e-01
1.161950900000000148e-01
1.552173900000000384e-01
1.809713999999999767e-01
4.848645000000001426e-02
1.606507999999999825e-01
1.820462899999999995e-01
1.475375399999999948e-01
1.753249500000000072e-01
7.773014999999999786e-02
1.227159249999999757e-01
1.420708749999999854e-01
1.756548200000000171e-01
1.289039859999999982e-01
1.119985759999999886e-01
8.143029999999996937e-02
2.874564000000000286e-02
5.419528900000000066e-02
6.280970900000000523e-02
4.859456000000001580e-02
1.064978400000000103e-01
1.734479999999999911e-01
1.611010500000000234e-01
7.024493000000001097e-02
7.835389249999999417e-02
8.093075249999999443e-02
9.548138000000003234e-02
6.955009600000000569e-02
8.645010899999999721e-02
1.236949849999999934e-01
9.425696000000001462e-02
9.560487999999998932e-02
8.022620000000001139e-02
5.534932499999999783e-02
4.702867000000000158e-02
8.638074500000000877e-02
1.860835099999999798e-01
1.415263799999999794e-01
1.188360700000000020e-01
6.363689000000000151e-02
8.710935999999999679e-02
5.398533999999999972e-02
3.776184999999999958e-02
7.606012000000000883e-02
2.773601000000000191e-02
5.123501500000000181e-02
1.081249149999999881e-01
1.222488099999999994e-01
1.704787999999999859e-01
1.287454000000000098e-01
9.614475000000001492e-02
6.551370000000000804e-02
2.048781999999999826e-01
1.251517500000000060e-01
1.354446499999999998e-01
6.664525999999999784e-02
9.770712000000000841e-02
6.281431810000000227e-02
6.203573809999996663e-02
9.507799000000000111e-02
1.145122899999999888e-01
1.770847150000000036e-01
1.552827349999999773e-01
8.519161999999998180e-02
9.534709999999999019e-02
6.803565999999998393e-02
1.052381599999999973e-01
1.313285999999999898e-01
9.761685999999998586e-02
3.354151599999999900e-01
1.446580000000000088e-01
1.081570000000000170e-01
1.649727900000000080e-01
1.548617899999999992e-01
2.267233399999999954e-01
1.449793900000000135e-01
1.585753499999999760e-01
1.198358100000000009e-01
1.196877100000000027e-01
7.439170000000000504e-02
9.579639999999998989e-02
1.135191999999999868e-01
1.039418000000000009e-01
1.423822000000000143e-01
8.378094999999999293e-02
8.676394999999999247e-02
2.297779500000000363e-01
2.927227499999999760e-01
1.721552499999999819e-01
8.056703999999999255e-02
1.430835600000000263e-01
1.163584149999999789e-01
1.091497809999999874e-01
1.610932139999999846e-01
6.427636999999998546e-02
1.177000299999999972e-01
9.044889999999997099e-02
9.922490000000001864e-02
1.247416000000000080e-01
1.049601500000000437e-01
1.337596499999999800e-01
9.002539999999997766e-02
1.087489500000000109e-01
1.503610500000000239e-01
2.055385499999999865e-01
1.852026500000000242e-01
1.054136500000000531e-01
1.256443999999999617e-01
1.584363499999999758e-01
5.078449999999998243e-02
3.513089999999997881e-02
1.255850000000000022e-01
1.644633500000000081e-01
1.055882000000000071e-01
1.335056000000000020e-01
9.127774999999997696e-02
5.364264999999999312e-02
1.440610999999999697e-01
2.086817000000000255e-01
1.552030999999999827e-01
9.240404999999994595e-02
7.855024999999994650e-02
1.351940999999999837e-01
3.003291999999999629e-01
1.758064999999999767e-01
1.287794099999999831e-01
7.125191000000002939e-02
1.995200000000001139e-02
8.663400000000000267e-02
