FramewiseDisplacement
4.566572000000000686e-02
4.099802000000001695e-02
9.467540000000000677e-02
4.803710000000000618e-02
1.077109999999999873e-01
7.999674860000000054e-02
1.497855139999999634e-02
5.270846459999999067e-02
2.602858059999999668e-02
3.741930200000000845e-02
6.601248999999999312e-02
8.104929000000000994e-02
2.500283000000000366e-02
3.549096999999998975e-02
2.830416500000000612e-02
1.143702649999999849e-01
6.280204000000000342e-02
1.258720000000000325e-02
9.792354000000000336e-02
2.139107000000000092e-01
2.195556099999999566e-01
9.322528999999998844e-02
9.779176000000000535e-02
4.776669999999999527e-02
4.713445999999999608e-02
7.687135000000001883e-02
8.468950000000000089e-02
1.939765000000000586e-02
2.727278999999999815e-02
8.479364000000000345e-02
8.201349999999998919e-02
4.150215000000000154e-02
6.331860000000000266e-02
1.311765900000000096e-01
2.954898000000000247e-02
1.654490999999999601e-02
4.065583999999999865e-02
5.915984999999999994e-02
3.768268000000000312e-02
6.154380500000000698e-02
5.082705500000000293e-02
5.818765000000000742e-02
6.890871499999999539e-02
7.273885500000000504e-02
6.936277999999999888e-02
8.743381999999999543e-02
6.185137000000000967e-02
8.385651000000002298e-02
4.445179000000000491e-02
5.477008399999999666e-02
8.794410600000000799e-02
6.291568000000000160e-02
4.336485600000000024e-02
6.836765000000000203e-02
2.472427400000000441e-02
8.546785499999999536e-02
2.195010999999999837e-02
2.318217999999999668e-02
1.320438250000000036e-01
9.634043500000000204e-02
9.396912000000000320e-02
8.373321000000000236e-02
3.961801000000000211e-02
3.996762999999999705e-02
4.657427499999999831e-02
5.485273999999999706e-02
1.234082399999999885e-01
3.325471499999999719e-02
9.184179050000000621e-02
1.347435555000000007e-01
8.974487500000000173e-02
6.028483999999999232e-02
5.466196500000000680e-02
5.802328499999999389e-02
1.961555699999999736e-01
1.505006049999999818e-01
1.149550350000000110e-01
4.687483499999999664e-02
7.959996500000002251e-02
9.097281500000001242e-02
1.154780650000000047e-01
8.508068500000000312e-02
8.925654000000000921e-02
8.865685000000000926e-02
2.391355500000000300e-02
1.158873000000000125e-01
1.603607499999999686e-01
1.003824300000000086e-01
1.365675050000000022e-02
1.173381854999999974e-01
1.431736449999999883e-01
1.280775999999999859e-01
6.634663499999998715e-02
5.291026749999998974e-02
1.658593650000000225e-02
9.944028250000000457e-02
5.842897649999999332e-02
2.192767549999999899e-01
1.969154550000000170e-01
1.227899900000000155e-01
6.028339999999999393e-02
7.577836500000000031e-02
4.565684999999999188e-02
4.858721499999999610e-02
1.241519199999999989e-01
8.345676999999998569e-02
3.002829999999999736e-02
8.119590000000000141e-02
8.643164499999998751e-02
9.199482999999999966e-02
5.187005000000000782e-02
8.937640000000002249e-02
6.342380000000000240e-02
1.227106649999999965e-01
1.131686499999999956e-01
1.303641449999999868e-01
7.574744999999999395e-02
8.208610000000002294e-02
7.411705000000000376e-02
9.592269999999999963e-02
4.616264999999999952e-02
9.274449999999999361e-02
8.471005000000000895e-02
7.614206999999999226e-02
1.238657299999999933e-01
1.366934310000000319e-01
5.955038099999999945e-02
2.630924000000000110e-02
5.437656999999999907e-02
9.840304999999999191e-02
1.046573099999999756e-01
1.721503849999999891e-01
6.686002499999998960e-02
1.345512600000000336e-01
1.391704799999999853e-01
1.026348299999999963e-01
7.116435000000000122e-02
1.391065000000000218e-01
1.301195599999999952e-01
1.095202200000000153e-01
1.292099200000000059e-01
5.165132449999999820e-02
4.856751450000000581e-02
8.803092499999999598e-02
1.103638400000000047e-01
6.389742499999997993e-02
4.345731999999999373e-02
2.360315000000000329e-02
4.314804999999999335e-02
5.362085999999999936e-02
4.198724499999999249e-02
3.067271499999999623e-02
9.895819999999999617e-02
1.241277500000000089e-01
1.619943999999999829e-01
2.049104400000000270e-01
1.471632499999999955e-01
6.318670999999999316e-02
7.587916999999999579e-02
5.001996999999999693e-02
4.662474999999997871e-02
1.370347600000000055e-01
1.594995999999999914e-01
8.430164999999997799e-02
1.320677000000000101e-01
1.143205550000000181e-01
1.730542549999999624e-01
1.351489499999999899e-01
1.167850999999999889e-01
6.688260000000000038e-02
7.649190000000001544e-02
8.055606000000001266e-02
6.632558999999997595e-02
8.780856000000002159e-02
6.085501000000000799e-02
4.494420000000000359e-02
1.964212089999999855e-01
1.705176089999999589e-01
6.117469999999998465e-02
9.526006999999998837e-02
9.308946999999999361e-02
1.423611999999999933e-01
1.312446999999999919e-01
7.328540000000001442e-02
5.895524000000001291e-02
6.196609000000002226e-02
1.027187500000000114e-01
5.902865000000000195e-02
5.377388000000001000e-02
1.790079300000000373e-01
