FramewiseDisplacement
5.191176999999998903e-02
2.594620000000002341e-02
4.020122000000000279e-02
1.010877199999999920e-01
1.118544500000000219e-01
2.402397499999996827e-02
8.254642499999999272e-02
6.956439999999995683e-02
1.063993700000000486e-01
8.890523999999994098e-02
8.470710999999996049e-02
1.710605349999999858e-01
9.225664199999998594e-02
1.040929569999999860e-01
1.175551100000000321e-01
1.822271050000000003e-01
2.786939449999999985e-01
1.584550499999999584e-01
1.469508500000000217e-01
8.625910000000000522e-02
1.230220000000000063e-01
1.002662000000000136e-01
1.180853999999999654e-01
1.224676000000000237e-01
9.566450000000001341e-02
3.529670000000000724e-02
4.914844999999998937e-02
3.782695499999998850e-02
4.736750500000001113e-02
1.033479400000000131e-01
5.342744499999999702e-02
1.182511050000000091e-01
1.190897499999999942e-01
8.792644499999999197e-02
1.016919450000000058e-01
1.233084949999999902e-01
1.507378499999999788e-01
1.401932000000000178e-01
2.515354999999999674e-02
5.335922999999997973e-02
8.952048500000001074e-02
4.818629499999999011e-02
7.434234499999999024e-02
1.807127299999999881e-01
8.826285200000000275e-02
1.090211319999999928e-01
1.060679000000000066e-01
4.892600000000001115e-02
4.116624999999999451e-02
9.501639999999998698e-02
9.017139999999999878e-02
5.833939999999999265e-02
3.233175000000000632e-02
9.700215000000002308e-02
1.113551400000000052e-01
4.303094000000001057e-02
5.029130500000000142e-02
5.795000500000000582e-02
5.351895000000001651e-02
9.917489499999999902e-02
5.290854500000002208e-02
6.867035000000001888e-02
8.526055000000000439e-02
7.532144999999999813e-02
2.734369999999999509e-02
2.677589999999999137e-02
9.571607999999998118e-02
8.625587999999999311e-02
4.881009999999999516e-02
2.080780500000000213e-02
5.842750500000001151e-02
5.747092000000000173e-02
6.003261999999999488e-02
8.505543999999999605e-02
4.299710000000000337e-02
1.169409999999999894e-01
1.641172600000000148e-01
1.083790300000000012e-01
5.413849999999999912e-02
2.304555999999999966e-02
8.853968500000000685e-02
2.405602499999999824e-02
2.739830000000000043e-02
1.072935500000000014e-01
5.721767999999999299e-02
6.060867999999999811e-02
2.598650000000000265e-02
9.686840000000000728e-02
9.148903999999999370e-02
6.898094799999998639e-02
1.122442120000000099e-01
1.591841199999999845e-01
7.542134000000000338e-02
5.354500500000000662e-02
4.254289499999999724e-02
4.883514499999999647e-02
1.028493450000000087e-01
8.049866999999999440e-02
3.614416000000000156e-02
1.242266499999999940e-02
3.544191000000000008e-02
8.681945499999998983e-02
7.324038700000001789e-02
5.181474700000000128e-02
4.460408500000000165e-02
3.863292499999999852e-02
8.596268999999999438e-02
7.258314000000000432e-02
6.970142999999999478e-02
4.906150999999999568e-02
3.260495000000000060e-02
6.587994500000000919e-02
5.912534499999998888e-02
1.687639999999999973e-02
8.695379999999998388e-02
1.490444900000000017e-01
9.084640000000000770e-02
4.751403449999999640e-02
4.691118450000000134e-02
6.368199000000000776e-02
6.527396499999998936e-02
1.067715649999999850e-01
5.633415000000000644e-02
3.648606499999999808e-02
8.277655500000000166e-02
1.604034899999999819e-01
1.039332999999999924e-01
1.757300000000000528e-02
8.437914999999998611e-02
9.671534000000001075e-02
1.304109650000000176e-01
4.180433499999999108e-02
9.794906699999997302e-02
1.948325069999999604e-01
2.288607799999999859e-01
9.715085999999999167e-02
4.070374999999999688e-02
5.995320999999999984e-02
7.191162500000000679e-02
7.505779499999999660e-02
4.963433000000001122e-02
7.124055000000001359e-02
9.764932999999999252e-02
1.086553299999999944e-01
7.411920000000001008e-02
7.368875000000001119e-02
5.287270000000001552e-02
1.782835000000001363e-02
4.473107000000000472e-02
8.093121999999998428e-02
8.399356000000000877e-02
7.302006000000001162e-02
2.850200999999998736e-02
1.107419300000000023e-01
1.031026700000000074e-01
7.954490000000000172e-02
3.775734999999999508e-02
6.004770000000000246e-02
6.180802000000001906e-02
6.244610000000001132e-02
4.824958000000000025e-02
6.721051999999999582e-02
9.455457999999999918e-02
1.250930999999999849e-01
1.291549540000000162e-01
3.478950800000001065e-02
8.443355799999996414e-02
6.114920499999997733e-02
8.374872499999999609e-02
6.618059499999999484e-02
6.486103500000001132e-02
5.496055999999999164e-02
4.965599999999999875e-02
4.212200000000000666e-02
4.884484499999999785e-02
6.214494499999999311e-02
3.905379999999999963e-02
4.213339999999999447e-02
1.577975999999999546e-01
1.781306000000000000e-01
9.671425000000000161e-02
4.463765000000001482e-02
5.542289999999998329e-02
8.132774999999999033e-02
9.033424999999999094e-02
1.102938300000000232e-01
1.412837299999999963e-01
8.559239999999998516e-02
9.842190000000000660e-02
4.019050000000001788e-02
6.584660000000001900e-02
8.938149999999998874e-02
9.195821999999999330e-02
9.366391999999998386e-02
1.113545499999999827e-01
8.562829999999999053e-02
6.958604999999998264e-02
3.527379999999999405e-02
8.235370000000000190e-02
6.771969999999999379e-02
2.995225000000000318e-02
7.106914999999996985e-02
4.708930000000001448e-02
4.446140000000001202e-02
7.736790000000003109e-02
8.960410000000000597e-02
5.584319999999998174e-02
7.706055000000000543e-02
