FramewiseDisplacement
3.865418500999999729e-01
2.915573499000001512e-01
1.065252149999999842e+00
4.493495499999998755e-01
2.220326999999999440e-01
1.732430499999999818e-01
1.043987000000000109e-01
4.251072299999999471e-01
3.073388300000000073e-01
8.717520500000000006e-01
8.110692000000000457e-01
4.649042999999998815e-01
6.499669999999999614e-01
1.187260000000000121e-01
2.098457000000000794e-01
2.519695900000000210e-01
1.525716289999999864e+00
1.985659749999999946e+00
9.395439000000002094e-01
5.622258499999999160e-01
5.824024499999999049e-01
8.963396500000000433e-01
2.335552999999999935e-01
6.226336000000000093e-01
2.141850600000000382e-01
3.699618099999999465e-01
1.451206999999999081e-01
9.981087000000013476e-02
1.147169200000000833e-01
7.501832999999998031e-02
9.286793999999988503e-02
7.605265000000001330e-02
3.718119000000001395e-01
2.058793219999999202e-01
2.805527220000000876e-01
3.112396499999999788e-01
8.275685000000003455e-02
1.466405799999999926e-01
3.238861699999999177e-01
4.839500400000000258e-01
9.068840500000001636e-01
3.233505000000000962e-01
5.341753200000000090e-01
2.083093100000001363e-01
6.332657999999992404e-02
9.220009000000005395e-02
2.227751499999998386e-01
1.935344799999999810e-01
1.118006300000000813e-01
1.160808300000001070e-01
1.058606749999999874e-01
8.087326500000001361e-02
8.469160999999991724e-02
1.112021899999999092e-01
9.612045999999989376e-02
7.476588800000000257e-01
4.443227500000000996e-01
1.264896249999999833e+00
4.304515000000000424e-01
1.560315999999999925e-01
1.740684999999999594e-01
2.117371000000000392e-01
1.945745000000000391e-01
2.257950000000000512e-01
2.701113100000000489e-01
9.384721000000000035e-02
1.103447999999999929e-01
9.597050000000002801e-02
1.380934000000000605e-01
1.224603999999999693e-01
1.339342500000000047e-01
6.291010000000001046e-02
5.374804999999998473e-02
1.263394000000000184e-01
1.183480999999999839e-01
5.235909999999999870e-02
3.210139999999999660e-01
2.240134500000000028e-01
2.568239999999999967e-01
2.376898400000000133e-01
1.918330900000000117e-01
1.199737300000000007e-01
3.522793000000001146e-02
4.271802000000001626e-02
4.516958000000000778e-02
8.607241000000000197e-02
2.334876999999999439e-02
4.193355000000000693e-02
8.782268999999999493e-02
6.256907999999999914e-02
9.635230000000000183e-02
1.370751300000000172e-01
2.181411499999999781e-01
2.743498850000000155e-01
2.153797450000000113e-01
8.700155499999999431e-02
3.465868599999999411e-02
7.009917899999999757e-02
7.896177000000000057e-02
1.005253599999999942e-01
8.526634500000000727e-02
1.761808549999999834e-02
8.651772049999999215e-02
1.797035199999999777e-01
1.604419399999999774e-01
5.573156499999999680e-02
7.642456499999999986e-02
1.179983500000000157e-01
2.999352000000000129e-01
3.634324500000000180e-01
3.786693999999999893e-01
4.398628149999999626e-01
4.414027750000000250e-01
6.856247199999999653e-01
2.738430000000000031e-01
3.322979500000000086e-01
2.956251500000000032e-01
1.873872450000000078e-01
1.161035499999999998e-01
1.513921049999999990e-01
6.845059999999998646e-02
6.774359999999998716e-02
3.097145000000000106e-02
1.124239199999999828e-01
1.472554449999999848e-01
1.158766849999999932e-01
2.110670199999999941e-01
2.814813999999999927e-01
1.594465400000000255e-01
1.615221900000000099e-01
2.565007499999999996e-01
1.331457999999999808e-01
9.368969999999998688e-02
6.115079999999999127e-02
1.213992500000000280e-01
5.946445000000002978e-02
6.072829999999999895e-02
7.762520000000000531e-02
5.174005000000000271e-02
8.188549999999998608e-02
8.255304999999998894e-02
1.209109999999999907e-01
7.681010000000000615e-02
1.232623499999999928e-01
3.041769500000000570e-01
2.024703565000000316e-01
5.789459064999999960e-01
4.479094499999999868e-01
2.417089499999999502e-01
2.477398500000000392e-01
3.389529399999999248e-01
2.579079100000000180e-01
5.208599999999997954e-02
5.562004999999999727e-02
4.852505000000000013e-02
8.487377999999999589e-02
1.505985099999999910e-01
2.212826049999999933e-01
1.528999249999999921e-01
1.162264999999999965e-01
1.491702000000000028e-01
9.441820000000002155e-02
1.039660324999999857e-01
1.008919825000000048e-01
1.533425499999999664e-01
2.222358499999999848e-01
3.260539499999999258e-01
3.084006499999999984e-01
2.035744199999999782e-01
1.260400500000000146e-01
3.682714499999999863e-02
8.858980999999997719e-02
1.302605150000000211e-01
2.037431999999999854e-01
1.354457999999999773e-01
7.814495499999998818e-02
6.801055000000000295e-02
4.238084999999999769e-02
6.658629499999998980e-02
1.004236500000000032e-01
1.190072999999999687e-01
2.076192999999999789e-01
1.155136000000000079e-01
1.635083999999999982e-01
5.851766999999999941e-01
3.592315399999999603e-01
1.570886900000000308e-01
9.390114999999997492e-02
1.619724800000000020e-01
1.203166000000000097e-01
