FramewiseDisplacement
1.833759000000002581e-01
1.619008999999999310e-01
2.195900000000000074e-01
1.827875000000000749e-01
6.093930000000005037e-02
1.155624000000000651e-01
2.261895499999998504e-01
1.638930499999998458e-01
2.534406999999998522e-01
5.093666500000000319e-01
3.028636115000002405e-01
2.533892615000000181e-01
2.077892499999999254e-01
1.951806300000001604e-01
3.811812600000001328e-01
2.239209300000003788e-01
3.196940190000000293e+00
2.594653999999999572e-01
1.002431499999999698e+00
2.441834000000000227e-01
2.088546900000001483e-01
2.793536499999999534e-01
3.794624999999999804e-01
3.288866899999999260e-01
1.407821899999998905e-01
2.325766399999999456e-01
1.596029999999999116e-01
1.125550500000000037e-01
2.016725999999997854e-01
1.170799499999999604e-01
2.301377500000000298e-01
1.205177000000000331e-01
1.448148000000000213e-01
2.517632999999998566e-01
6.452552499999999469e-01
1.703621889999999972e+00
8.898365664999998703e-01
7.526907735000000210e-01
3.101053799999999860e-01
1.301969799999999622e-01
2.140001499999999168e-01
1.308729599999999271e-01
1.722734400000001664e-01
1.345778500000001932e-01
1.402906500000000445e-01
5.929514999999987990e-02
2.518391500000000671e-01
1.650237000000001064e-01
1.509181000000000272e-01
9.618719999999984782e-02
2.187600000000000378e-01
2.328562000000000687e-01
1.225279499999999550e-01
4.915463849999999746e-01
1.401216114999999984e+00
5.660697900000000171e-01
5.783768100000000745e-01
9.550355000000003425e-02
2.287508500000000611e-01
1.456574000000000479e-01
2.058767499999999140e-01
1.870785499999998991e-01
1.264052999999999427e-01
9.103205000000008651e-02
2.093027500000000651e-01
1.482082500000001246e-01
1.124811000000001671e-01
9.214380000000015059e-02
2.099794500000000674e-01
1.605097499999999788e-01
2.399811000000000027e-01
1.508418999999999455e-01
1.727325749999999882e+00
2.480656749999999577e-01
7.387956350000000061e-01
3.235185900000000503e-01
3.402577200000000412e-01
8.851958000000000049e-02
1.527621499999999577e-01
1.099893600000000221e-01
1.077866099999998939e-01
1.194241999999999526e-01
2.088852499999999945e-01
7.245221499999997539e-01
2.083269499999998720e-01
8.384700000000007425e-02
1.993064500000000516e-01
2.347323000000000326e-01
1.216197000000001915e-01
7.225934999999984731e-02
1.884902999999999162e-01
2.331377149999999787e+00
5.028667500000000290e-01
3.266387099999999988e-01
1.242075849999999954e-01
2.225190200000000118e-01
1.679282949999999774e-01
2.499355500000000063e-01
7.480560000000004151e-02
1.045309000000000099e-01
7.566219999999995727e-02
8.890079999999998817e-02
8.109845000000000248e-02
1.316439999999999277e-01
2.067265500000000367e-01
2.424407000000000090e-01
1.921045950000000169e-01
9.667159499999994354e-02
1.257534800000000008e-01
1.933909800000000179e-01
1.627557999999999783e-01
6.333662900000001095e-01
9.571680999999998551e-02
1.633205500000000088e-01
1.844980499999999968e-01
4.378884500000000402e-01
2.427707499999999796e-01
9.677250000000001129e-02
8.827704999999998192e-02
8.158949999999998148e-02
1.276100499999999749e-01
8.141729999999994249e-02
1.468686499999999895e-01
1.025569500000000078e-01
1.816099499999999645e-01
1.208883499999999916e-01
1.312323000000000239e-01
2.946331900000001003e-01
8.193700600000000112e-01
4.489485899999999807e-01
5.145782399999999646e-01
1.359829499999999913e-01
1.143304000000000126e-01
2.254960000000000020e-01
1.001155500000000392e-01
1.097321000000000130e-01
1.276414500000000174e-01
1.891147500000000259e-01
1.148413000000000489e-01
1.328164499999999471e-01
8.162985000000001767e-02
1.944784000000000235e-01
1.397694999999999910e-01
6.514644999999998076e-02
1.094789499999999777e-01
1.405731100000000289e-01
8.401128400000000829e-01
2.784505500000000189e-01
1.436185999999999852e-01
1.910823000000000382e-01
1.477869500000000003e-01
1.359946499999999669e-01
9.603110000000000812e-02
1.044803000000000398e-01
7.534040000000002957e-02
8.808835000000002358e-02
1.745137499999999675e-01
5.374163000000000689e-01
4.910589500000001051e-01
2.360753000000000157e-01
2.846200000000001507e-02
9.047689999999997124e-02
1.169905500000000126e-01
2.012677499999999398e-01
9.562870999999999455e-01
1.216339499999999768e-01
1.680479500000000292e-01
1.378268999999999744e-01
1.311650899999999842e-01
1.215229600000000132e-01
3.087456000000001199e-01
1.725548000000000914e-01
1.282097000000000098e-01
8.133809999999995488e-02
1.556031000000000220e-01
2.490857000000000210e-01
1.041081149999999900e+00
1.659167999999999754e-01
2.173367999999999689e-01
2.426124499999999795e-01
2.815172999999999703e-01
2.124607699999999100e-01
7.708270300000000796e-01
7.898165500000001726e-01
3.338242500000000446e-01
7.322467500000000573e-01
3.593508999999998621e-01
7.319349999999996692e-02
1.246056499999999845e-01
1.940755000000000952e-01
