FramewiseDisplacement
1.669214500000000267e-01
1.727083599999999775e-01
1.924484599999999879e-01
2.248446300000000453e-01
1.755291300000000887e-01
1.179006999999999972e-01
1.331754999999999189e-01
1.716257899999999725e-01
1.646348900000000615e-01
1.682646000000000697e-01
1.868807099999999777e-01
1.699872099999999997e-01
1.807208499999999884e-01
1.637164500000000134e-01
1.913181750000000347e-01
4.469320250000000661e-01
6.953541349999999843e-01
5.659181149999999993e-01
1.762157999999999780e-01
2.060295500000000057e-01
2.843407250000000164e-01
2.339838449999999959e-01
1.214373499999999995e-01
1.003906299999999946e-01
1.998782699999999690e-01
2.248963499999999671e-01
1.026766000000000068e-01
1.085208800000000140e-01
1.102659700000000187e-01
1.144021100000000152e-01
1.363776500000000169e-01
5.934565000000001367e-02
7.466362000000001387e-02
2.344186200000000220e-01
1.766113500000000003e-01
2.126712000000000324e-01
9.134139999999998927e-02
4.369748500000000258e-01
4.368793000000000815e-01
1.791492199999999702e-01
2.066448699999999805e-01
2.571536999999999851e-01
2.146906999999999843e-01
1.366076699999999866e-01
1.724481900000000012e-01
8.899864299999998840e-02
7.973448300000000877e-02
1.209544600000000136e-01
1.509397399999999889e-01
1.903201200000000093e-01
1.623365100000000172e-01
1.435212899999999958e-01
1.899724800000000269e-01
1.325918299999999939e-01
1.561032999999999726e-01
1.678495999999999599e-01
1.881141849999999893e-01
1.319291149999999857e-01
1.926989899999999589e-01
2.186846700000000254e-01
2.454971599999999643e-01
1.177944850000000182e-01
1.560211000000000237e-01
1.429008149999999866e-01
1.187119170000000279e-01
2.394620169999999992e-01
2.621093100000000398e-01
3.113691899999999624e-01
2.017786800000000158e-01
2.358383199999999902e-01
2.474639800000000001e-01
1.795969300000000157e-01
2.536580099999999893e-01
1.263765400000000094e-01
1.750364000000000364e-01
1.574983599999999484e-01
1.195997899999999836e-01
8.446380000000001942e-02
1.563787100000000041e-01
1.863248600000000088e-01
2.866848300000000571e-01
2.037728499999999776e-01
1.371951999999999894e-01
1.402420599999999740e-01
1.217674999999999730e-01
9.306280999999999581e-02
9.001886500000001734e-02
6.155283499999998631e-02
2.673718560000000188e-01
3.240070060000000418e-01
2.285597749999999928e-01
2.969572249999999913e-01
2.566150500000000112e-01
2.042770499999999878e-01
1.689714499999999675e-01
1.538708249999999889e-01
8.277719999999998135e-02
8.961656000000001177e-02
2.160067250000000105e-01
1.877650599999999836e-01
1.308681000000000150e-01
1.818654999999999855e-01
2.519051500000000221e-01
2.875927500000000081e-01
1.644374849999999944e-01
1.819018449999999787e-01
1.416297100000000198e-01
5.501590000000002034e-02
1.121103100000000047e-01
1.866425499999999904e-01
1.777804870000000148e-01
1.491448220000000102e-01
1.234324550000000104e-01
1.585828600000000199e-01
2.592603800000000125e-01
2.733916649999999504e-01
7.438302500000000539e-02
1.560894600000000132e-01
1.034210500000000144e-01
1.583642500000000120e-01
1.525694999999999690e-01
7.684689999999999577e-02
6.450941000000000314e-02
9.664706000000002073e-02
5.486705000000001442e-02
1.376280400000000070e-01
1.214327899999999988e-01
6.682219999999999827e-02
1.125390299999999982e-01
5.722459499999999616e-02
1.615025000000000210e-01
2.028165749999999989e-01
1.391381000000000145e-01
9.493026999999998328e-02
1.735149900000000356e-01
2.276375500000000218e-01
1.588931899999999897e-01
8.361463000000000922e-02
1.732418950000000069e-01
9.675921500000000952e-02
3.269016100000000091e-01
2.558161800000000041e-01
1.430207500000000020e-01
1.043558000000000263e-01
2.388495500000000216e-01
1.539084000000000008e-01
9.723944999999997729e-02
2.992919900000000077e-01
3.995139999999999803e-01
3.291019900000000109e-01
2.890987199999999757e-01
1.966127299999999856e-01
1.583231500000000236e-01
1.678501000000000021e-01
1.769145999999999774e-01
1.714552000000000298e-01
2.391055000000000264e-01
2.669219499999999634e-01
2.906182249999999523e-01
2.154982749999999891e-01
2.021404900000000060e-01
2.912305000000000588e-01
1.992406000000000177e-01
1.142031000000000018e-01
1.368879999999999819e-01
1.931033999999999806e-01
1.376421000000000172e-01
8.859309000000001322e-02
1.717541500000000221e-01
1.198266000000000053e-01
1.099881999999999943e-01
1.752339499999999717e-01
1.691162500000000235e-01
1.792154499999999984e-01
1.467794999999999794e-01
7.545869999999998967e-02
1.636577100000000118e-01
1.318547800000000048e-01
1.706022900000000175e-01
1.396207499999999879e-01
2.070958000000000243e-01
1.925434999999999508e-01
1.553297999999999901e-01
2.140803000000000011e-01
1.646052499999999807e-01
9.919850000000000889e-02
1.355697000000000152e-01
1.871334999999999804e-01
3.373724499999999904e-01
1.969994999999999663e-01
1.060855000000000131e-01
1.006339999999999874e-01
1.038705999999999935e-01
1.599855999999999778e-01
1.976971000000000145e-01
1.239203000000000110e-01
2.473203000000000762e-01
1.321537649999999786e-01
1.651018249999999798e-01
3.029618099999999981e-01
4.088175300000000956e-01
3.296522299999999905e-01
2.283191499999999707e-01
2.336377999999999788e-01
1.532180999999999960e-01
1.423506999999999967e-01
1.169207999999999914e-01
8.651910000000001544e-02
