FramewiseDisplacement
2.383169999999999733e-01
3.383441999999999283e-01
3.173379699999999692e-01
4.109556700000000506e-01
2.712805999999999829e-01
2.361062999999999912e-01
1.280952000000000479e-01
1.795686000000000226e-01
1.317580999999999891e-01
9.127880000000003491e-02
9.352239999999997777e-02
8.660390000000003918e-02
1.427375999999999923e-01
1.215136000000000688e-01
1.799701000000000495e-01
1.333834999999999604e-01
1.290020999999999529e-01
1.632146999999999903e-01
1.153304000000000135e-01
1.504249999999999754e-01
2.275089999999999890e-01
1.225664999999999949e-01
1.105059999999999515e-01
1.911517000000000077e-01
2.911752000000000229e-01
1.556775999999999993e-01
9.747909999999997133e-02
6.980590000000000406e-02
1.358148000000000133e-01
2.116141999999999745e-01
2.361051000000000399e-01
1.866804000000000519e-01
1.134482999999999742e-01
7.548749999999995741e-02
1.529423200000000205e-01
1.060648700000000333e-01
9.918291999999999387e-02
1.569661700000000160e-01
2.912268999999999552e-01
1.793362999999999763e-01
1.265357999999999761e-01
2.404683000000000237e-01
2.043842000000000159e-01
5.880200000000003480e-02
1.235957000000000167e-01
1.022285000000000277e-01
2.038317900000000404e-01
1.174398899999999774e-01
1.946904000000000134e-01
1.769415000000000571e-01
8.658839999999996817e-02
1.046902000000000249e-01
1.894842999999999944e-01
1.276732999999999618e-01
8.630169999999995345e-02
1.240626000000000090e-01
9.864589999999998082e-02
1.753515999999999964e-01
1.519039999999999835e-01
1.380957999999999353e-01
6.840249999999997721e-02
5.119790000000004615e-02
1.261559999999999904e-01
1.363143599999999955e-01
1.368599600000000027e-01
1.106049999999999672e-01
1.335175999999999585e-01
7.823280000000001899e-02
1.418081999999999954e-01
1.166461999999999777e-01
1.349153000000000158e-01
1.491402999999999757e-01
7.949272000000004446e-02
1.602144699999999977e-01
6.691910000000000913e-02
1.038565999999999934e-01
1.466538500000000023e-01
1.358873999999999915e-01
4.820159999999999723e-02
9.167299999999996285e-02
1.767276999999999876e-01
1.528537000000000090e-01
1.373440499999999675e-01
8.447534999999999072e-02
7.901204999999998646e-02
6.153190999999996746e-02
1.171307099999999990e-01
1.108196000000000181e-01
1.284856050000000305e-01
7.377820499999999948e-02
8.221370000000001454e-02
1.338396350000000123e-01
1.517725850000000154e-01
2.174581949999999930e-01
1.002966750000000018e-01
2.037312049999999986e-01
1.243027800000000016e-01
2.183276549999999816e-01
2.548347600000000490e-01
1.479626149999999918e-01
1.293466850000000168e-01
9.838278999999996999e-02
9.441138999999999781e-02
1.051365400000000144e-01
1.143151500000000181e-01
1.212490999999999847e-01
5.252068999999998794e-02
1.271150399999999847e-01
9.481850000000000001e-02
4.093350000000000460e-02
4.006644999999999651e-02
1.218799000000000132e-01
1.751938499999999843e-01
1.082388999999999990e-01
1.276463945000000100e-01
4.425691950000001929e-02
1.234077299999999933e-01
1.831283750000000099e-01
7.625963499999999229e-02
1.168371700000000041e-01
1.289239050000000053e-01
1.470102500000000090e-01
6.993515000000000148e-02
6.762266000000002886e-02
1.019030099999999883e-01
9.217516499999997559e-02
7.850816500000000475e-02
5.294710000000000388e-02
1.125272999999999829e-01
1.582480500000000290e-01
1.505075499999999900e-01
1.130272500000000235e-01
1.163687499999999930e-01
1.094808000000000031e-01
1.000065499999999996e-01
5.519090000000002189e-02
4.032020000000000048e-02
3.864430000000000642e-02
2.576864999999997283e-02
1.184745500000000118e-01
1.469538499999999970e-01
3.450514999999998444e-02
9.895145000000002411e-02
8.978225000000000788e-02
6.023104999999998738e-02
7.417209999999997694e-02
1.054591500000000015e-01
1.669476500000000030e-01
8.768929999999997005e-02
1.200555999999999984e-01
1.620540000000000036e-01
1.403372999999999982e-01
1.225659999999999805e-01
9.348260000000001291e-02
6.293840000000001933e-02
9.946530000000003424e-02
9.200550999999999868e-02
1.658633099999999860e-01
1.482331500000000080e-01
1.270199500000000203e-01
1.965507999999999977e-01
1.525754000000000277e-01
1.034442999999999890e-01
7.694869999999999488e-02
1.128858000000000361e-01
5.103060000000002316e-02
1.085837999999999803e-01
8.561019999999995578e-02
8.322469999999995705e-02
8.852179999999996995e-02
4.681919999999998444e-02
1.020379999999999898e-01
6.153939999999996635e-02
5.992179999999996953e-02
8.846890000000001697e-02
1.504880999999999580e-01
1.532257999999999676e-01
1.277042999999999928e-01
6.691850000000001963e-02
1.109950000000000103e-01
7.201549999999998231e-02
6.754030000000002532e-02
1.016414999999999957e-01
1.201667000000000152e-01
1.510929999999999496e-01
1.086211999999999733e-01
7.175229999999996333e-02
9.906280000000003416e-02
1.291583999999998955e-01
1.182537999999999506e-01
