FramewiseDisplacement
2.005347499999999283e-01
1.079784049999999995e-01
6.367500499999995123e-02
1.352186999999999417e-01
2.152778999999999943e-01
1.598289000000000792e-01
7.823650000000002824e-02
1.136688999999999616e-01
2.966860000000002412e-02
8.880859999999994592e-02
9.112525499999997447e-02
7.279565499999995914e-02
1.390889999999996886e-02
9.131740000000002078e-02
1.128815999999999847e-01
1.310416999999999832e-01
7.404666499999998930e-01
1.796049999999999869e-01
1.942550000000000110e-01
1.837286499999999656e-01
4.570329999999996062e-02
1.542640999999999596e-01
1.290011300000000194e-01
8.082607999999999460e-02
9.552675000000000749e-02
6.847120000000000983e-02
7.430980000000002306e-02
1.071004999999999735e-01
9.646545000000000814e-02
1.393560499999999813e-01
1.814524999999999610e-01
9.935535000000000894e-02
1.782956000000000263e-01
2.551285500000000095e-01
2.409945000000000281e-01
2.392937500000000550e-01
1.119165999999999911e-01
1.860050999999999510e-01
2.437487649999999784e-01
1.088639899999999938e-01
6.336952499999999600e-02
7.009068000000000243e-02
1.378582299999999983e-01
2.143552500000000249e-01
1.651499500000000176e-01
1.455109958500000189e-01
1.191799958499999840e-01
1.248466500000000035e-01
2.340745500000000201e-01
1.888867999999999936e-01
1.818944959999999889e-01
1.099081459999999844e-01
1.500856000000000134e-01
1.420589999999999908e-01
2.671987599999999796e-01
8.033576000000000605e-02
4.722025000000000527e-02
1.565645999999999982e-01
1.984829000000000176e-01
1.397500500000000423e-01
5.615610000000002128e-02
2.764990000000001891e-02
1.332371499999999986e-01
1.897421499999999706e-01
2.026601000000000097e-01
1.142966000000000121e-01
7.949805000000001454e-02
7.390236000000000027e-02
1.980454600000000065e-01
2.030066999999999844e-01
1.443146000000000151e-01
3.714667000000000385e-01
1.896714000000000178e-01
1.843634550000000372e-01
1.728700950000000014e-01
2.882421099999999958e-01
1.438584600000000213e-01
6.159805000000002917e-02
1.167247499999999882e-01
1.917675349999999890e-01
1.314421850000000169e-01
7.034669999999999812e-02
9.883408500000002983e-02
1.156295850000000069e-01
9.274444999999999217e-02
1.553212499999999940e-01
1.635992349999999818e-01
8.537625799999998266e-02
8.011773399999998213e-02
9.080305799999999206e-02
9.140624499999999708e-02
1.190054450000000014e-01
9.201693000000001066e-02
1.274669949999999996e-01
2.699089899999999598e-01
2.266525949999999845e-01
4.422542499999999877e-02
1.221232909999999811e-01
1.770869810000000044e-01
1.333677600000000019e-01
1.291336699999999782e-01
1.445094100000000326e-01
8.161482999999999932e-02
6.487874600000000103e-02
7.390367100000000411e-02
1.558574949999999848e-01
7.718235129999999333e-02
9.879948870000000716e-02
2.235145200000000221e-01
1.304272700000000118e-01
1.395446750000000069e-01
1.909268949999999854e-01
1.471033549999999912e-01
6.334111999999998688e-02
7.334627500000001632e-02
9.912964999999999971e-02
1.929437000000000235e-01
1.139305800000000313e-01
8.166051999999998645e-02
1.452707000000000026e-01
1.122684199999999938e-01
4.646161999999999515e-02
2.437784999999999258e-02
1.042121000000000020e-01
1.481307000000000318e-01
2.636350700000000269e-01
1.732494950000000034e-01
1.830679149999999700e-01
1.614413500000000112e-01
9.337001000000001716e-02
7.237452500000002287e-02
5.320989500000000705e-02
1.803843499999999989e-01
1.731378999999999835e-01
9.340954999999999397e-02
8.101244999999998586e-02
1.258469999999998340e-02
1.142420999999999853e-01
1.654735500000000248e-01
1.317340999999999929e-01
1.081360499999999836e-01
5.704690000000001149e-02
2.731192999999999468e-02
1.023223699999999958e-01
1.652007500000000351e-01
7.257559999999996236e-02
1.387669000000000263e-01
1.730443750000000280e-01
9.317177500000003998e-02
5.178851249999998768e-02
7.610466199999998960e-02
9.523269200000000767e-02
7.812601250000000830e-02
7.700360000000000538e-02
4.395960000000000839e-02
8.924205000000001720e-02
1.600314200000000076e-01
1.742202700000000382e-01
1.112704000000000054e-01
2.265938599999999803e-01
1.180200399999999927e-01
6.122497000000000356e-02
1.189188499999999926e-01
3.714620499999999881e-01
9.453474699999998843e-02
2.437751970000000268e-01
1.691992999999999969e-01
5.306919999999997611e-02
1.822075499999999681e-01
1.127310499999999854e-01
6.179059999999999414e-02
1.110247999999999652e-01
1.736571000000000087e-01
1.726137499999999825e-01
9.647100000000002895e-02
1.689579999999999693e-01
3.691035500000000025e-01
1.077783499999999534e-01
6.081785000000000663e-02
1.742572999999999483e-01
4.045572999999998837e-02
1.014585500000000223e-01
3.680959800000000448e-01
1.862766500000000436e-01
9.155259999999999787e-02
1.238644999999999607e-01
1.562292500000000417e-01
1.643183499999999742e-01
7.833404999999997453e-02
7.095479999999997067e-02
1.715457000000000509e-01
1.874248650000000516e-01
1.848682150000000024e-01
5.015195000000002845e-02
6.102230000000000154e-02
6.614504999999998303e-02
1.379844499999999807e-01
1.752097300000000357e-01
9.847156000000001352e-02
1.589033399999999763e-01
1.778442499999999815e-01
1.587904499999999719e-01
1.464557499999999679e-01
1.859335000000000016e-01
1.925217500000000470e-01
6.717030000000001611e-02
1.760923500000000363e-01
2.160315999999999625e-01
