FramewiseDisplacement
1.177010999999999752e-01
7.488559999999995498e-02
1.219114000000000031e-01
1.275924000000000225e-01
1.533189999999999276e-01
1.621599000000000512e-01
7.808909999999999463e-02
1.004195499999999963e-01
1.362953999999999832e-01
5.634210000000006158e-02
1.296573000000000031e-01
4.601765000000004879e-02
1.781409699999999818e-01
1.895403650000000439e-01
1.026122350000000516e-01
8.289842999999999518e-02
2.653079099999999246e-01
5.147263499999999992e-01
1.187063499999999605e-01
6.390055000000002816e-02
1.552969499999999892e-01
5.810370000000002200e-02
8.771845000000000336e-02
1.319777000000000033e-01
1.587444450000000118e-01
1.245296900000000540e-01
1.626206350000000134e-01
3.142262000000000111e-01
3.281571100000000851e-01
7.281316000000001565e-02
1.365148500000000209e-01
1.179433500000000024e-01
2.606369999999998827e-02
2.027465999999999713e-01
2.478439499999999795e-01
9.468820000000000014e-02
2.068383000000000305e-01
1.030943000000000553e-01
9.867105000000001014e-02
8.594475000000002807e-02
7.612110000000002485e-02
3.865837000000001827e-02
3.995469999999999577e-02
5.605012000000001576e-02
6.795824000000000309e-02
3.414615000000002787e-02
1.327490600000000298e-01
7.263899000000001438e-02
7.529775499999999400e-02
1.016851849999999835e-01
9.737690999999998320e-02
1.986858500000000249e-01
1.170773099999999900e-01
1.141462600000000133e-01
9.775897000000002834e-02
2.574333699999999392e-01
2.175957500000000044e-01
2.650910499999999947e-01
1.263436100000000228e-01
2.085271700000000117e-01
4.158778000000001862e-02
9.519925999999999389e-02
1.254564599999999919e-01
1.131140500000000354e-01
7.252998000000004941e-02
1.334654799999999697e-01
5.899215999999997406e-02
1.160120600000000141e-01
1.302870000000000139e-01
9.447407000000002109e-02
7.878657999999996719e-02
1.362040899999999999e-01
4.390137340000000443e-01
1.057423140000000039e-01
2.227483199999999997e-01
1.639098500000000236e-01
5.267217999999999900e-02
1.371460499999999916e-01
3.085547999999999069e-02
1.060313750000000110e-01
8.427367500000003397e-02
1.242580100000000021e-01
7.524951000000000556e-02
1.794123499999999982e-01
3.531659499999999507e-01
3.421830499999999886e-01
1.627238000000000018e-01
1.492514999999999536e-01
1.257544699999999793e-01
2.041947540000000061e-01
1.992503459999999949e-01
3.344295099999999854e-01
1.539698449999999941e-01
1.744385100000000188e-01
1.178026999999999963e-01
7.865234000000001502e-02
1.707968099999999934e-01
1.032100850000000070e-01
1.382384899999999917e-01
8.342466000000001158e-02
1.166285489999999980e-01
1.424547989999999931e-01
3.109443499999999666e-02
6.889346999999999832e-02
7.825046000000000779e-02
1.117484749999999999e-01
1.306293700000000224e-01
5.187683499999999615e-02
1.024706761000000049e-01
6.303704389999999214e-02
7.513435899999999779e-02
1.511775259999999788e-01
1.102091550000000031e-01
1.709871950000000085e-01
8.167075000000000029e-02
5.350830000000000169e-02
6.392501999999999907e-02
1.329155550000000185e-01
1.025192350000000002e-01
1.367076400000000191e-01
9.604495999999999867e-02
1.300878500000000049e-01
8.924414999999999432e-02
1.414967100000000255e-01
8.820178999999997438e-02
1.389998899999999871e-01
2.124611720000000037e-01
1.751927280000000198e-01
5.130042900000000294e-01
1.562039900000000148e-01
9.276209999999997236e-02
1.036455500000000030e-01
4.588189999999997548e-02
1.548174600000000456e-01
5.653175500000000298e-02
1.406292599999999782e-01
8.575422500000001724e-02
4.510079999999999645e-02
1.005715300000000062e-01
3.637235499999996041e-02
8.653927499999998496e-02
1.213366500000000181e-01
1.014975000000000044e-01
1.169824500000000156e-01
9.111420000000000630e-02
1.596538000000000124e-01
1.154872499999999996e-01
9.624030000000000085e-02
6.085815000000004138e-02
1.296151500000000123e-01
7.026620000000001476e-02
1.576365000000000127e-01
1.200803000000000009e-01
1.565883999999999610e-01
1.476978499999999916e-01
5.702968999999999400e-02
1.244348599999999805e-01
1.187870500000000051e-01
4.197654000000004132e-02
9.270306000000000379e-02
1.643096000000000001e-01
9.466674999999999396e-02
4.968715000000002019e-02
9.474884999999999557e-02
1.481512000000000107e-01
1.815923999999999872e-01
1.128359799999999746e-01
5.111112000000001682e-02
8.991345000000000587e-02
6.473680000000002488e-02
2.103661000000000003e-01
1.186705000000000398e-01
4.300730000000001219e-02
9.781774999999998110e-02
1.045229000000000019e-01
2.613428500000000154e-01
1.815254999999999508e-01
3.876693999999999418e-01
1.204364500000000143e-01
1.297404499999999794e-01
1.221418999999999977e-01
1.833369600000000210e-01
4.151249399999999978e-01
2.663437000000000165e-01
1.166913099999999509e-01
1.285193900000000111e-01
2.581270000000001480e-02
1.125714999999999771e-01
1.908960000000003987e-02
7.653519999999998380e-02
5.772096500000001296e-02
2.288728499999994476e-02
8.375414999999997168e-02
2.280760000000001814e-02
7.078680000000003858e-02
4.851220000000001226e-02
2.233859999999999318e-02
5.681220000000001408e-02
4.415390000000002368e-02
1.059600000000000125e-01
4.929850000000004367e-02
8.844069999999999709e-02
7.722479999999998235e-02
8.460900000000003141e-02
1.752063999999999844e-01
2.617363999999999802e-01
1.142210999999999921e-01
1.571572999999999998e-01
