FramewiseDisplacement
1.078300200000000125e-01
2.041479000000000210e-01
1.135393899999999900e-01
2.305458900000000311e-01
3.117610999999999022e-01
3.416359000000001034e-01
2.751035500000000300e-01
1.771225500000000452e-01
2.379200000000000204e-01
2.086808500000000288e-01
8.538430000000002407e-02
2.503919999999999479e-01
3.033690199999999892e-01
2.614077699999999838e-01
3.205626000000000309e-01
4.095427000000000373e-01
1.854345499999999758e-01
2.108013000000000248e-01
9.845555000000000279e-02
7.118408000000001068e-02
1.451370300000000002e-01
3.338865000000000305e-01
2.166509400000000141e-01
1.471977600000000386e-01
2.673288500000000623e-01
2.287172110000000314e-01
2.553757610000000344e-01
1.613634499999999916e-01
6.692675000000000707e-02
1.490732999999999642e-01
1.954932499999999795e-01
1.766412499999999997e-01
9.560520000000001517e-02
2.100930999999999771e-01
1.636923499999999865e-01
2.045873499999999734e-01
2.361393500000000256e-01
1.678999500000000200e-01
4.602805000000002172e-02
1.194059000000000370e-01
1.880624499999999921e-01
1.341981999999999620e-01
7.985224999999997186e-02
1.266630499999999993e-01
1.650148000000000170e-01
8.795589999999998965e-02
1.608708500000000097e-01
1.559335500000000041e-01
8.626169999999999671e-02
1.080462999999999840e-01
1.161185000000000134e-01
1.966814500000000077e-01
4.319392699999999308e-01
2.315183200000000274e-01
2.368019500000000110e-01
1.424981499999999901e-01
9.389289999999998748e-02
1.229841049999999963e-01
2.222344449999999749e-01
1.358179999999999943e-01
4.242975000000000219e-02
5.971885000000000387e-02
7.352844999999999520e-02
1.232336499999999863e-01
1.843213400000000279e-01
1.408601400000000226e-01
7.590395000000001169e-02
1.337370000000000503e-01
1.360471000000000041e-01
1.877451209999999593e-01
2.056932529999999648e-01
1.532555319999999999e-01
1.082927300000000037e-01
8.807505000000001583e-02
2.053065534999999608e-01
1.144302195000000133e-01
1.625085620000000508e-01
2.454172000000000020e-01
3.425155050000000534e-01
1.004149399999999942e-01
2.761920599999999615e-01
2.354369999999999796e-01
1.720591499999999940e-01
2.196792499999999926e-01
5.034187500000000121e-02
1.931428850000000141e-01
1.819172500000000026e-01
1.032534900000000033e-01
1.853584650000000278e-01
2.108624550000000042e-01
2.328362499999999946e-01
3.049839124999999540e-01
1.184373775000000101e-01
1.294146399999999975e-01
2.499203799999999975e-01
2.953755999999999604e-01
7.746351000000001319e-02
1.708878994999999956e-01
1.400952894999999976e-01
1.686904300000000023e-01
1.621293199999999934e-01
1.331708699999999967e-01
7.007565500000001446e-02
2.108919290000000057e-01
2.717521960000000014e-01
3.035815849999999871e-01
2.622780349999999649e-01
1.996429499999999857e-01
2.745101100000000294e-01
1.329845999999999806e-01
2.059361430000000159e-01
2.597395230000000277e-01
1.992427199999999843e-01
1.038885600000000048e-01
1.391009500000000010e-01
1.227385499999999602e-01
1.023216499999999862e-01
9.795919999999998240e-02
2.511715999999999949e-01
2.793915999999999622e-01
1.719697000000000309e-01
3.634805999999999870e-01
3.216694800000000076e-01
1.876486799999999844e-01
2.918929799999999686e-01
2.796845399999999815e-01
1.765856399999999604e-01
4.701333999999999236e-01
3.267805500000000030e-01
2.549718149999999905e-01
1.720326029700000314e-01
2.200145129699999647e-01
1.936626749999999508e-01
1.113645079999999871e-01
1.450049360000000287e-01
1.930365840000000111e-01
1.828943050000000070e-01
1.149053650000000093e-01
8.411028800000000527e-02
1.315422120000000195e-01
4.145063610000000454e-01
3.085664209999999796e-01
5.325366899999999237e-01
9.254490000000000771e-01
1.603849999999999998e-01
4.548648050000000387e-01
4.718445849999998720e-01
2.601470399999999406e-01
3.971852000000000160e-01
2.987030999999999992e-01
6.740286500000001180e-01
3.809763299999999742e-01
1.788797699999999657e-01
4.937671500000000435e-01
2.926593100000000613e-01
3.668547599999999465e-01
3.696082000000001089e-01
3.274955999999999423e-01
3.104380999999999946e-01
1.475993390000002181e-01
1.843438889999999830e-01
6.313890000000003944e-02
1.291784000000000543e-01
3.300096899999999112e-01
5.124428599999999445e-01
1.809047999999998657e-01
3.205040900000000192e-01
3.699159400000001652e-01
3.034069750000001897e-01
5.054264050000001340e-01
8.237387800000000038e-01
3.385585419999999623e-01
1.949736579999999664e-01
2.304259999999999919e-01
2.419586000000002179e-01
2.574944000000001232e-01
2.835315999999999947e-01
9.539650000000014785e-02
2.192932999999999688e-01
3.355125000000000468e-01
9.108591000000001436e-01
2.966024000000001548e-01
2.721286000000001648e-01
3.566203999999997820e-01
3.355366999999999100e-01
5.558486499999999442e-01
3.484641900000000070e-01
1.124276600000002069e-01
1.347967000000001581e-01
4.731621000000000299e-01
5.886491000000000362e-01
5.152941999999999245e-01
3.033950999999998621e-01
2.074899999999999245e-01
7.211495999999999462e-01
4.622291000000002259e-01
1.955445999999999851e-01
2.534243000000000468e-01
1.786796190000000673e-01
2.940012190000000358e-01
4.058002000000001108e-01
3.267041000000000528e-01
1.998518599999999923e-01
3.790085600000001054e-01
2.594215999999998079e-01
2.998608000000002605e-01
2.287152000000000351e-01
2.443593500000001695e-01
