FramewiseDisplacement
7.627134999999998777e-02
4.997020000000000628e-02
6.942370000000000485e-02
9.209869999999997781e-02
1.037785499999999694e-01
1.307264499999999663e-01
1.442043500000000089e-01
1.005136999999999836e-01
7.433640000000001080e-02
4.563630000000001852e-02
6.085320000000002394e-02
9.383300000000002750e-02
1.054438999999999793e-01
6.014459999999999251e-02
1.182470999999999939e-01
1.542071000000000414e-01
2.429434999999999789e-01
2.608775999999999873e-01
9.239420000000002353e-02
8.778279999999999417e-02
1.309898999999999925e-01
5.967199999999999588e-02
1.265353999999999646e-01
1.755919999999999703e-01
5.637350000000001388e-02
1.640873000000000193e-01
1.146390000000000325e-01
1.331931000000000365e-01
1.061829000000000106e-01
6.564390000000000502e-02
2.501239999999999714e-02
5.905069999999999764e-02
5.479029999999997930e-02
6.585740000000001038e-02
2.909779999999998271e-02
6.500499999999997947e-02
1.248891000000000029e-01
1.150740499999999833e-01
8.218280000000000030e-02
6.939954999999997654e-02
2.002668500000000240e-01
1.891171499999999839e-01
9.731568999999999636e-02
7.292399000000000797e-02
1.382528000000000368e-01
5.338340000000003222e-02
6.997280000000000166e-02
7.191880000000000495e-02
4.682490000000000263e-02
1.250257000000000174e-01
6.867909999999996518e-02
1.187870499999999635e-01
1.266367500000000201e-01
7.148821999999999122e-02
1.630923500000000248e-01
2.772320799999999918e-01
1.747161499999999867e-01
1.382501999999999898e-01
2.611586289999999755e-01
1.381109510000000373e-01
1.835120399999999596e-01
1.363025900000000012e-01
8.126315000000004785e-02
1.177957999999999922e-01
1.474551500000000070e-01
3.898469999999999713e-02
6.458049999999997126e-02
4.979025000000000117e-02
3.938570000000000959e-02
4.021285000000000137e-02
8.911334999999999396e-02
6.805596000000001256e-02
1.329216999999999899e-02
9.126395999999999120e-02
1.145358000000000070e-01
3.505682999999997634e-02
2.561425299999999794e-01
2.006161200000000089e-01
2.393829399999999885e-01
1.631077900000000025e-01
1.363378699999999999e-01
9.700531500000000862e-02
1.590566680000000122e-01
1.552661330000000006e-01
9.812345000000000095e-02
5.832772000000000651e-02
1.075966300000000125e-01
1.741295100000000429e-01
1.341917900000000052e-01
1.180540299999999904e-01
1.061890149999999977e-01
5.257473499999998356e-02
9.657821999999999241e-02
3.857214999999999949e-02
2.013252549999999530e-01
2.324213310000000088e-01
1.518440139999999994e-01
9.061149999999998372e-02
1.928964800000000090e-01
1.565632500000000149e-01
7.889022000000001089e-02
7.989357500000000833e-02
5.523203000000000834e-02
1.093001080000000069e-01
1.254311529999999897e-01
4.022744999999999793e-02
6.988559499999999480e-02
4.129727999999999871e-02
2.690564000000000150e-02
6.494200900000000887e-02
7.534690099999999391e-02
7.713196700000002348e-02
7.114813200000000282e-02
1.273804400000000392e-01
1.060423000000000199e-01
2.761560439999999894e-01
1.292821739999999997e-01
8.787795000000001022e-02
8.786146000000000233e-02
6.600381999999999083e-02
8.349535000000000984e-02
8.147701999999999722e-02
5.143447999999999770e-02
5.539688000000000251e-02
1.152681799999999979e-01
6.642895000000001438e-02
5.495934999999999709e-02
7.156085999999999003e-02
8.618209000000000286e-02
5.626619000000000759e-02
3.429714000000001067e-02
1.353518899999999747e-01
1.347671900000000089e-01
1.534668299999999985e-01
2.019782700000000153e-01
5.593411999999999690e-02
1.530774600000000263e-01
1.126919299999999818e-01
1.541072499999999734e-01
1.232968499999999995e-01
1.569117499999999610e-01
1.464413500000000257e-01
1.130241499999999899e-01
2.450006499999999865e-01
1.529727999999999921e-01
1.691224500000000075e-01
1.189082999999999946e-01
5.426440000000000430e-02
1.156271500000000119e-01
8.467654999999998933e-02
1.480647499999999672e-01
1.346153999999999962e-01
8.716884999999999217e-02
1.925106500000000331e-01
1.118139000000000216e-01
1.042909999999999948e-01
1.940949999999999898e-01
8.654740000000002431e-02
1.466366000000000058e-01
1.245001590000000130e-01
1.469256590000000140e-01
1.453978300000000057e-01
1.077856299999999934e-01
1.060760999999999787e-01
1.085266999999999760e-01
5.702689999999995679e-02
7.289329999999998033e-02
1.119535099999999922e-01
1.393681099999999617e-01
1.098773000000000111e-01
1.152660999999999963e-01
1.505197999999999814e-01
1.546630999999999700e-01
1.625710999999999684e-01
1.517704000000000275e-01
1.070470800000000028e-01
1.153387800000000296e-01
4.322710000000001135e-02
4.319629999999999304e-02
6.682850000000001289e-02
8.732329999999997872e-02
3.206490000000000729e-02
6.273549999999998572e-02
1.076344000000000051e-01
1.293355999999999673e-01
5.189139999999999031e-02
7.049340000000002548e-02
1.091959299999999966e-01
9.910262999999999711e-02
1.378771000000000302e-01
1.810283000000000309e-01
1.989874000000000087e-01
1.907424000000000064e-01
5.539539999999999742e-02
8.540920000000001844e-02
1.253347999999999962e-01
1.628303999999999863e-01
1.123471000000000192e-01
8.861546000000000700e-02
9.247806000000000082e-02
8.750400000000001233e-02
7.044549999999999423e-02
7.926710000000000700e-02
2.196220000000000117e-01
8.776670000000001692e-02
2.717328000000000521e-01
1.060743999999999854e-01
9.341641999999997226e-02
