FramewiseDisplacement
8.028020000000002376e-02
3.787084999999996288e-02
3.820074999999999166e-02
5.797434999999998700e-02
1.069675500000000223e-01
9.780905000000000848e-02
1.419266499999999875e-01
1.218411999999999829e-01
9.941605000000004744e-02
2.662010000000001805e-02
2.575544999999996448e-02
6.477074999999993254e-02
9.255135000000001833e-02
9.519320000000001947e-02
1.006886499999999768e-01
6.335485000000000422e-02
9.821135000000000281e-02
1.220339499999999883e-01
9.641384999999996763e-02
1.598179499999999864e-01
1.440445500000000212e-01
4.565814999999998069e-02
9.930095000000002670e-02
9.746404999999999652e-02
1.644171000000000105e-01
6.943675000000000541e-02
9.537370000000000569e-02
1.855162000000000200e-01
1.306881500000000029e-01
7.849879999999999358e-02
8.557644999999999835e-02
9.815140000000002751e-02
7.191780000000000395e-02
1.260431999999999664e-01
1.490162499999999890e-01
6.168150000000000716e-02
5.976855000000000362e-02
1.186319200000000018e-01
7.313381999999998828e-02
7.794809999999996464e-02
3.917059999999996517e-02
7.502369999999999872e-02
6.408640000000001558e-02
3.268010000000000359e-02
8.564125000000001597e-02
6.463692000000000049e-02
1.071883450000000321e-01
7.740267500000003187e-02
4.563051499999999649e-02
8.286536499999999639e-02
7.725509999999997934e-02
8.275254999999999417e-02
5.067788000000000848e-02
5.376772499999998844e-02
8.782779500000000017e-02
8.407430500000000195e-02
1.159846500000001439e-02
7.605128500000002401e-02
3.375141500000000683e-02
4.688456499999999610e-02
9.062931499999998808e-02
6.952668000000000736e-02
1.053402799999999945e-01
5.656290999999999403e-02
6.639084500000001776e-02
8.196985499999999425e-02
1.206579700000000033e-01
1.571124700000000041e-01
4.913205500000001474e-02
9.224891500000001465e-02
6.394083000000000405e-02
2.917824999999999239e-02
2.436359999999999568e-02
1.846830000000000346e-02
4.953082999999999098e-02
9.523391999999998581e-02
5.150622999999999313e-02
4.583215500000000636e-02
3.633459499999999037e-02
5.914834999999999537e-02
8.264663000000001258e-02
6.689125999999999406e-02
5.892094999999999277e-02
7.995689500000000005e-02
1.001369180000000053e-01
8.876950249999998599e-02
5.608571850000000636e-02
5.110206999999999944e-02
8.714394999999999780e-02
1.027293199999999851e-01
1.290455149999999995e-01
1.101853849999999968e-01
7.973099649999999816e-02
5.457379650000000054e-02
2.209757199999999935e-02
8.641515900000000527e-02
1.195807700000000029e-01
6.914442499999999547e-02
5.463382550000000365e-02
8.824322249999999590e-02
5.135385950000000144e-02
3.943422150000000515e-02
5.887466499999999964e-02
5.123551850000000740e-02
9.155741650000000231e-02
3.095002999999999643e-02
8.408839500000001022e-02
5.810840500000000186e-02
6.533538499999999583e-02
6.314777499999998933e-02
1.020896750000000186e-01
4.446384000000000447e-02
5.036340899999999787e-02
4.509930900000000409e-02
4.696765499999999705e-02
6.107755000000000128e-02
6.343145000000000033e-02
3.498019999999999602e-02
2.460949999999999943e-02
1.175754240000000117e-01
1.333758979999999927e-01
1.213398390000000049e-01
9.949216499999999352e-02
1.075937200000000038e-01
9.173176999999999026e-02
8.433486999999999234e-02
1.478954999999999853e-01
1.125465700000000124e-01
9.155583999999999945e-02
6.468351999999999435e-02
6.801550000000002039e-02
6.282540000000000346e-02
8.107981999999999689e-02
1.058017199999999880e-01
1.043221199999999904e-01
1.261204000000000214e-01
1.490035700000000018e-01
2.835895000000000082e-02
8.144534999999999969e-02
7.531077999999999384e-02
3.615437999999999985e-02
4.677339499999999539e-02
5.509756499999998725e-02
4.877171999999999064e-02
8.552482000000001527e-02
4.236067500000000735e-02
7.031606500000001092e-02
4.123021999999999798e-02
6.494212999999998681e-02
9.582055999999999907e-02
6.281524000000000829e-02
4.340783000000000141e-02
3.462169999999998443e-02
4.045674999999999272e-02
6.860060000000001157e-02
5.096419999999999423e-02
2.624740000000000059e-02
6.650999999999999968e-02
7.323229000000000544e-02
1.508543749999999850e-01
1.480225049999999987e-01
3.427909999999999985e-02
6.322217499999999157e-02
3.258106999999998976e-02
1.296042050000000001e-01
1.377274900000000080e-01
1.201221200000000128e-01
1.207194199999999940e-01
9.499281999999997783e-02
5.528466000000000630e-02
7.294756750000000456e-02
4.898483450000000461e-02
9.014116999999999269e-02
9.817436999999998304e-02
9.490966999999998766e-02
5.846298000000001160e-02
1.169048199999999926e-01
6.743009000000001196e-02
6.354560999999997462e-02
4.418946999999996683e-02
8.453458999999997892e-02
2.350058699999999778e-01
1.750499000000000083e-01
2.321208500000000174e-01
1.960311499999999874e-01
1.244603000000000237e-01
5.087820000000002618e-02
1.189549000000000301e-01
3.839560000000000195e-02
6.918670000000001763e-02
