FramewiseDisplacement
9.830780000000000074e-02
7.561235000000000872e-02
4.065545000000003045e-02
8.270600000000000174e-02
6.229389999999999233e-02
4.159469499999999403e-02
1.298037449999999982e-01
8.800388999999997353e-02
1.049305199999999855e-01
7.480262999999999496e-02
4.894928999999999947e-02
5.585874000000001782e-02
4.776545000000001484e-02
5.483674999999998967e-02
2.059965000000000407e-02
7.356954500000000008e-02
4.355679350000000311e-02
6.985887650000000004e-02
6.226461500000000232e-02
4.682285000000000613e-02
1.690555800000000386e-01
1.749983300000000075e-01
1.128621899999999872e-01
6.374212999999999407e-02
1.142107200000000017e-01
9.645348000000000810e-02
1.119847900000000007e-01
9.764563999999999189e-02
3.632474999999999593e-02
5.463499499999999870e-02
1.525409700000000257e-01
1.390530999999999850e-01
9.876869000000000620e-02
6.611385000000000178e-02
6.334101500000000051e-02
6.846364999999998702e-02
9.679933499999998636e-02
9.797851499999998826e-02
7.983772999999999564e-02
1.205250499999999947e-01
9.175746999999999376e-02
9.515405000000000391e-02
1.257646296000000108e-01
1.034189396000000233e-01
1.149600099999999875e-01
1.015989600000000437e-01
7.307286999999999810e-02
9.752481000000001732e-02
1.036626000000000075e-01
1.250969200000000003e-01
1.225231199999999993e-01
4.521152499999999547e-02
9.251842499999998748e-02
1.216052799999999823e-01
5.777860499999998289e-02
7.359527500000000166e-02
5.970446999999999560e-02
5.892294000000001392e-02
1.133460849999999853e-01
7.649446999999998109e-02
5.052434000000000092e-02
1.655640200000000478e-02
6.182222800000000684e-02
5.853666999999999898e-02
5.719153599999998727e-02
5.548792599999999298e-02
5.885194600000000220e-02
1.427784039999999977e-01
1.002576500000000037e-01
6.242612300000000697e-02
4.402619200000000566e-02
2.007572599999999860e-02
7.873010399999999520e-02
2.857657999999999726e-02
5.648807000000000134e-02
7.432902000000000953e-02
8.072383999999999116e-02
5.091124999999999817e-02
1.494301099999999771e-01
1.115565389999999824e-01
1.433648610000000101e-01
1.771356799999999898e-01
9.693627499999998842e-02
4.338058499999999928e-02
3.742797599999998781e-02
4.508245599999999298e-02
5.645754999999999524e-02
5.047594999999999860e-02
9.553623500000001101e-02
7.443487000000001408e-02
9.621610499999999622e-02
9.350214999999999221e-02
7.646327499999999722e-02
1.041827200000000064e-01
5.477949999999999486e-02
1.057442400000000171e-01
1.250797650000000094e-01
7.322519999999999030e-02
8.894298999999999955e-02
1.228898199999999968e-01
1.005063100000000015e-01
4.155897000000000063e-02
1.107374100000000222e-01
1.339768700000000257e-01
5.405302500000000454e-02
9.725121499999998809e-02
6.225919999999999371e-02
5.986287000000000552e-02
8.158185000000001130e-02
1.051193200000000161e-01
1.002173000000000092e-01
1.351166900000000115e-01
1.590670500000000154e-01
8.737312000000001244e-02
1.331665999999999961e-01
9.263020000000000975e-02
1.321392349999999938e-01
1.696806349999999963e-01
1.746547399999999750e-01
1.771358100000000046e-01
7.093670499999998880e-02
6.267417499999998476e-02
7.783003000000000837e-02
8.344677000000000344e-02
4.536506999999999346e-02
9.624461000000000821e-02
6.498439000000000298e-02
8.045529000000001263e-02
1.224802299999999955e-01
1.008470200000000094e-01
8.723392000000000646e-02
1.026069000000000009e-01
4.910708000000000434e-02
5.566591000000001288e-02
7.247519999999998963e-02
7.527276000000000800e-02
6.688139999999999363e-02
1.105733399999999922e-01
7.845264999999999878e-02
1.060990800000000123e-01
1.198688200000000009e-01
9.971613999999999478e-02
7.072364000000000428e-02
2.664959999999998858e-02
5.273585000000000078e-02
8.757454000000000627e-02
1.345818399999999804e-01
1.276475749999999854e-01
1.622438680000000133e-01
1.164788629999999880e-01
6.545756500000000921e-02
4.284409999999999608e-02
7.445111499999999827e-02
5.030917000000000722e-02
6.204689999999999511e-02
7.133760000000000101e-02
8.524834000000000578e-02
1.015535399999999977e-01
4.191229999999999956e-02
5.156245000000000273e-02
6.090778000000000164e-02
6.919384999999998731e-02
8.408131000000000632e-02
3.551940499999999001e-02
9.023105499999999057e-02
1.075076199999999982e-01
8.998357499999998232e-02
7.065277499999998712e-02
6.119952000000000031e-02
1.093156299999999970e-01
1.431600299999999937e-01
8.875720000000000831e-02
4.269055999999998852e-02
7.136254000000000208e-02
4.095604999999999385e-02
5.487180000000000529e-02
1.362922000000000300e-01
7.994557000000002134e-02
1.004461800000000238e-01
1.078170650000000175e-01
7.449801500000000076e-02
1.130839899999999953e-01
4.682345500000000688e-02
6.315974999999998674e-02
1.258377450000000009e-01
1.214745650000000066e-01
1.254401699999999897e-01
9.435674500000000575e-02
7.888112999999997987e-02
9.734160020000000302e-02
