FramewiseDisplacement
1.496294999999999986e-01
1.252605499999999705e-01
9.365494999999998682e-02
1.402938999999999437e-01
5.568980000000001152e-02
7.659199999999999342e-02
9.290280000000002147e-02
2.693211999999999828e-01
3.534910999999999470e-01
1.032978000000000091e-01
1.271034000000000053e-01
7.483454999999995805e-02
1.718431900000000068e-01
5.262596000000002716e-02
8.723084000000000393e-02
5.245945999999999942e-02
1.556218570000000023e-01
1.237034330000000154e-01
1.142223500000000141e-01
1.336323500000000108e-01
5.082370999999999417e-02
7.669571999999999501e-02
3.917982000000000409e-02
8.659551999999998140e-02
8.605865000000001430e-02
5.192108499999999183e-02
9.572832499999998912e-02
4.689190000000001413e-02
7.218360999999999528e-02
8.412509499999999696e-02
9.039496499999999379e-02
1.683430724999999684e-01
5.916528249999998545e-02
1.140788199999999974e-01
1.009866300000000078e-01
1.249816499999999997e-01
9.059644000000000030e-02
1.295140200000000075e-01
9.750306500000001375e-02
6.855226500000000112e-02
4.937300000000000716e-02
3.625779999999999281e-02
9.838099999999999623e-02
4.626631000000000493e-02
5.003955999999999682e-02
4.979534999999999517e-02
6.261595000000000355e-02
8.677069999999997840e-02
1.027978299999999789e-01
8.370096500000001605e-02
3.497826500000000144e-02
7.272908000000001538e-02
1.368815999999999922e-01
9.931156000000000705e-02
9.433964999999999712e-02
8.936159999999999937e-02
5.683971000000000856e-02
1.001966467999999971e-01
4.980506319999999931e-02
9.090056000000000525e-02
3.495830999999999938e-02
6.596731999999998208e-02
6.062803000000000636e-02
6.275898000000000587e-02
9.018056000000000683e-02
1.451832599999999807e-01
1.392259200000000030e-01
7.122847999999999680e-02
1.010430670000000142e-01
6.074879700000000021e-02
8.892762000000001277e-02
1.238143700000000069e-01
4.205899999999999916e-02
1.047940400000000050e-01
1.241568200000000149e-01
1.651392949999999915e-01
1.253341250000000184e-01
6.994529000000000718e-02
3.295699000000000545e-02
7.041470999999999147e-02
7.176791999999998506e-02
4.169809500000000446e-02
7.425118499999999733e-02
9.209781646000000932e-02
2.346641764600000124e-01
1.321805559999999768e-01
1.003178259999999988e-01
1.167995650000000080e-01
6.297222500000000667e-02
7.199684999999997337e-03
8.732049999999999534e-02
7.912227500000000580e-02
5.281813500000000217e-02
9.216759500000000493e-02
1.082611890000000077e-01
2.879299100000000042e-02
1.848545199999999944e-02
5.244476000000000693e-02
6.684565499999998994e-02
6.667383999999999811e-02
8.433796999999999822e-02
6.856116999999999073e-02
2.494790000000000202e-02
2.856646000000000185e-02
6.623801249999999863e-02
1.342783107499999906e-01
2.430654942499999860e-01
1.946865199999999740e-01
2.958774499999999863e-01
2.353607749999999943e-01
2.133780349999999937e-01
6.343431099999999878e-01
5.809794000000000347e-01
3.568357500000000071e-01
2.108396499999999896e-01
9.839360000000002549e-02
8.979012000000000104e-02
1.495921199999999951e-01
9.775900000000001255e-02
8.829929999999999723e-02
1.101853999999999750e-01
1.344587999999999894e-01
9.820319999999999050e-02
1.287690999999999975e-01
9.586215000000002096e-02
5.091344999999999898e-02
7.763157499999998046e-02
8.339190500000000228e-02
9.816118499999998415e-02
4.379475500000001159e-02
1.028287899999999894e-01
1.135441550000000077e-01
9.845575500000000591e-02
6.476471500000000048e-02
8.501464999999999717e-03
1.250036050000000176e-01
1.008858899999999920e-01
9.687921500000000463e-02
1.220780649999999995e-01
5.136034999999999906e-02
7.334954999999998559e-02
2.794474999999998696e-02
1.770725000000000771e-02
3.496834999999999527e-02
3.408405499999997423e-02
8.559259999999999091e-02
4.418946000000000679e-02
8.949392999999999931e-02
1.166108000000000283e-01
7.925908000000000952e-02
5.625529000000000640e-02
8.328204000000000162e-02
6.624904000000000903e-02
6.545708500000001206e-02
1.268154550000000214e-01
1.370719035000000363e-01
1.338612285000000124e-01
2.081756149999999805e-01
2.362066999999999917e-01
8.988707499999999684e-02
3.883745000000001640e-02
7.921241499999999436e-02
8.526595000000000701e-02
4.110349999999999421e-02
1.384450500000000139e-01
2.011900500000000369e-01
5.968959999999999544e-02
9.636445000000000427e-02
1.574627500000000124e-01
7.923349999999999838e-02
6.966854999999999576e-02
4.439678999999999848e-02
7.187313999999998815e-02
8.617674999999999641e-02
1.305555000000000188e-01
3.290536049999999713e-01
2.840476549999999545e-01
2.193595999999999879e-01
2.436538599999999721e-01
1.999442949999999941e-01
1.560831750000000184e-01
1.431003099999999806e-01
8.464332999999998886e-02
3.386104999999999671e-02
8.067409999999999859e-02
1.223819999999999908e-01
1.735334699999999675e-01
8.279055000000001829e-02
4.773567999999999562e-02
6.950144999999999240e-02
