FramewiseDisplacement
1.534224500000000435e-01
2.032054000000000638e-01
2.906098999999999766e-01
2.173396200000000389e-01
1.868545699999999699e-01
1.176893999999999163e-01
1.730526699999999640e-01
2.060878999999999905e-01
1.898634700000000897e-01
1.222807700000000941e-01
7.882310000000013195e-02
1.399695450000000563e-01
2.403013599999999361e-01
1.407964999999999633e-01
1.357389999999998875e-01
1.319053449999999517e-01
7.647104999999997099e-02
6.321409999999996754e-02
2.001360499999999820e-01
4.043819999999986869e-02
7.010394999999988719e-02
6.130544500000000008e-02
1.023518549999999916e-01
4.417245550000000603e-02
5.355852949999991702e-02
2.144407150000000040e-01
4.470843299999990861e-02
1.305513029999999519e-01
9.783050000000002855e-02
1.848405999999998828e-01
9.581374999999989206e-02
1.417376499999999373e-01
3.037182700000000124e-01
3.068503000000010611e-02
9.463099999999995127e-02
4.765750000000000541e-02
1.283998999999999835e-01
4.506540000000004015e-02
2.771605499999999500e-01
2.556064500000000406e-01
9.046502000000000709e-01
7.433650000000002755e-02
7.061345000000000816e-02
6.295109999999999595e-02
9.025309999999996113e-02
1.072110999999999897e-01
1.231768099999999838e-01
1.076190399999999991e-01
2.094492500000001353e-02
1.112733899999999998e-01
7.645066500000000098e-02
5.214221999999999607e-02
5.873280499999998516e-02
1.305824600000000113e-01
1.284500875000000042e-01
1.363582274999999844e-01
7.405106999999999662e-02
3.071754999999998237e-02
1.566113699999999997e-01
1.560904300000000022e-01
8.098460500000001505e-02
8.993436500000000222e-02
7.832063899999999745e-02
1.624149540000000003e-01
2.354649290000000172e-01
9.807613600000000820e-02
8.684064999999999146e-02
7.806544999999999457e-02
4.842786999999999786e-02
6.229697000000000706e-02
3.034445000000000892e-02
6.775109999999999466e-02
7.636831999999998954e-02
5.236037000000000330e-02
7.364057000000000242e-02
7.889038999999999080e-02
1.045157500000000184e-01
1.493078300000000025e-01
1.841490900000000153e-01
1.570999999999999897e-01
1.625030999999999837e-01
3.551335999999999382e-01
1.390687999999999924e-01
9.418784999999998964e-02
4.414679999999998605e-02
1.073209419999999886e-01
1.470760320000000232e-01
7.201139999999998931e-02
7.051535000000000442e-02
1.729988070000000044e-01
1.550900030000000041e-01
1.914895100000000017e-01
1.136946650000000003e-01
1.970075519999999747e-01
8.062216750000000820e-02
7.097084149999999259e-02
1.016014240000000096e-01
7.138368999999998576e-02
6.412421599999999777e-02
4.110399900000000911e-02
6.075037900000000712e-02
9.174899999999999722e-02
8.171579599999999333e-02
7.648488600000000193e-02
7.967034650000001661e-02
7.667295000000000360e-02
8.069624649999999899e-02
9.062444649999999713e-02
1.306375899999999979e-01
1.656355565000000585e-01
9.206664999999998600e-02
1.244201459999999815e-01
9.055931400000000187e-02
1.229240899999999997e-01
1.111133749999999865e-01
2.298454699999999962e-01
9.836353500000000194e-02
9.742850999999999595e-02
1.076511200000000029e-01
2.258541000000000021e-02
1.335332699999999817e-01
1.191822550000000147e-01
8.229799999999999616e-02
9.900530500000001566e-02
5.013083000000000122e-02
1.942934699999999959e-01
1.296388000000000262e-01
1.233050000000000118e-01
1.946776850000000170e-01
5.267691849999999176e-01
1.024032300000000534e-01
1.796842500000000176e-01
4.474165000000000780e-02
6.332318999999995979e-02
4.819443999999999811e-02
5.672151000000000276e-02
5.527344000000003477e-02
1.197885000000000200e-01
6.104050000000000448e-02
9.043507000000000629e-02
3.312207999999999819e-02
6.146124999999999505e-02
9.909652999999998824e-02
7.578822000000003112e-02
5.994590000000000335e-02
1.078285500000000091e-01
7.458742000000001537e-02
9.035805999999999005e-02
7.716594000000000231e-02
9.440687800000001351e-02
8.875047400000000974e-02
9.108889899999997319e-02
1.114493400000000078e-01
1.275363649999999849e-01
9.134008099999997576e-02
1.115355810000000086e-01
9.660810499999998580e-02
3.381795499999999677e-02
2.010973299999999908e-01
8.157119999999998261e-02
8.508736000000000077e-02
1.300013599999999825e-01
7.001409999999998190e-02
6.865608999999998907e-02
1.449013199999999724e-01
5.522865000000001107e-02
1.611413750000000034e-01
6.494352300000003075e-02
8.763305700000002807e-02
9.273039500000002100e-02
5.999826000000000464e-02
5.884994999999999810e-02
4.771379000000001980e-02
1.241075100000000042e-01
3.725200000000002121e-02
1.240760000000000057e-01
5.160945000000001504e-02
1.169212000000000029e-01
1.342665999999999582e-01
2.974068000000000267e-01
3.772504000000000413e-01
3.827084999999998821e-02
1.644875900000000168e-01
1.752041600000000254e-01
9.114717000000002733e-02
4.802747000000000960e-02
1.165270899999999998e-01
8.722488999999999937e-02
9.429030000000000744e-02
9.452254999999998297e-02
