FramewiseDisplacement
9.422792799999998858e-02
7.525222800000003209e-02
1.214436500000000280e-01
9.825485000000000468e-02
5.701614999999997380e-02
4.673959999999997839e-02
7.625120000000000509e-02
7.435369999999999480e-02
7.799295000000000533e-02
8.707175000000000331e-02
1.767757999999999829e-01
2.272117500000000456e-01
9.819385000000001307e-02
1.754585500000000187e-01
1.485996499999999998e-01
9.657064500000001050e-02
8.196684499999998263e-02
2.304892200000000224e-01
1.936259199999999792e-01
2.345098800000000039e-01
3.341615299999999844e-01
7.458460000000000090e-02
9.458560000000000578e-02
5.932785000000000142e-02
4.807540000000001118e-02
4.978926000000001573e-02
2.320504999999999790e-02
1.027641900000000053e-01
8.284370000000000622e-02
1.283878599999999925e-01
4.349556000000000255e-02
8.587920000000001663e-02
1.083501999999999937e-01
6.844449999999999146e-02
9.359974999999996770e-02
1.301497799999999927e-01
1.885458799999999713e-01
1.036345999999999795e-01
4.180146499999999876e-01
1.583581000000000016e-01
1.878474100000000202e-01
1.224472500000000075e-01
2.083035300000000145e-01
1.259953850000000153e-01
5.420142500000001140e-02
1.283494599999999985e-01
5.084676000000000473e-02
6.001746999999999638e-02
8.336626999999999232e-02
1.589421399999999818e-01
2.237118299999999727e-01
9.738001999999998382e-02
1.097187500000000038e-01
8.693765000000000520e-02
9.956115499999998453e-02
1.344843200000000183e-01
1.341180150000000071e-01
1.676504119999999987e-01
1.704301420000000344e-01
1.155507299999999904e-01
9.497805000000000830e-02
9.427344999999999475e-02
6.771554999999998548e-02
6.464240000000000264e-02
7.813749000000000389e-02
8.189327999999999885e-02
1.180972800000000267e-01
2.010051999999999672e-01
1.365653000000000006e-01
1.382417500000000243e-01
1.255297499999999955e-01
1.108487999999999973e-01
1.313609000000000027e-01
2.732588999999999713e-01
2.233909900000000115e-01
2.023979000000000195e-01
6.865259999999999418e-02
2.587669999999997819e-02
1.032436000000000187e-01
8.906155999999998407e-02
2.261258599999999841e-01
1.606686999999999699e-01
1.100348900000000102e-01
1.438822999999999908e-01
1.732459100000000030e-01
1.518176139999999896e-01
6.304249400000001835e-02
1.643088950000000104e-01
1.945858399999999822e-01
1.692033950000000064e-01
8.049972000000001071e-02
1.216222700000000045e-01
3.893717399999999662e-01
2.084197499999999870e-01
2.452875840000000029e-01
9.120882399999999390e-02
1.413166050000000118e-01
1.775660850000000124e-01
1.610806000000000182e-01
3.505845000000001183e-02
1.872080000000001312e-02
9.570429999999999215e-02
5.028110000000000912e-02
1.158296499999999785e-01
1.694331000000000309e-01
2.603592000000000128e-01
1.263233500000000287e-01
1.476375500000000063e-01
9.633740000000000359e-02
1.321444999999999981e-01
1.417297999999999891e-01
1.168103000000000058e-01
6.514829999999999233e-02
9.756639999999999757e-02
8.013219999999998677e-02
2.079608000000000012e-01
1.644381000000000315e-01
8.858820000000000583e-02
2.702009999999998094e-02
5.596930000000001348e-02
7.374069999999999236e-02
8.852729999999997546e-02
1.167412999999999923e-01
1.624600999999999962e-01
1.506976000000000149e-01
9.358019999999996064e-02
7.721869999999997347e-02
1.159147999999999568e-01
5.756260000000002625e-02
1.611549000000000176e-01
8.920360000000002176e-02
9.787769999999998416e-02
5.658691999999999611e-01
1.083579000000000070e-01
1.174754000000000215e-01
1.166212499999999680e-01
1.316543099999999966e-01
1.115433000000000119e-01
7.229346000000003158e-02
1.129914399999999847e-01
1.025050199999999884e-01
1.180948100000000361e-01
2.362189000000000372e-01
1.610590999999999828e-01
1.070156599999999708e-01
8.950161000000002309e-02
1.917126399999999897e-01
9.042030000000000900e-02
1.894465019000000361e-01
1.313842080999999828e-01
1.092341899999999533e-01
9.719330000000002412e-02
1.594774999999999318e-02
1.111743699999999807e-01
8.542338000000002096e-02
9.582570000000001365e-02
8.086115000000000663e-02
6.028620000000001894e-02
1.015204499999999982e-01
1.684413499999999619e-01
3.604425799999999014e-01
1.560397000000000034e-01
1.125849000000000016e-01
1.336541500000000271e-01
9.521984999999999477e-02
4.720580000000000609e-02
4.531202999999999759e-01
8.374455999999997902e-01
6.208216499999998916e-01
2.841815999999999232e-01
1.188141499999999795e-01
8.737575000000004366e-02
5.682235000000002145e-02
6.725989999999995583e-02
1.481783000000000405e-01
1.393727499999999619e-01
2.481411999999999229e-01
2.548185999999998397e-01
1.665475999999999623e-01
1.707615999999999301e-01
1.786732000000000042e-01
1.394134999999999680e-01
1.573974000000000761e-01
1.087033000000000166e-01
1.356385999999999981e-01
5.903728000000000309e-01
4.006879999999999886e-01
3.004846999999999380e-01
1.117791000000001173e-01
2.327945000000001818e-01
