FramewiseDisplacement
4.806640000000000912e-02
6.905220000000000802e-02
9.134509999999999852e-02
5.049119999999999997e-02
9.863274999999999126e-02
3.136499999999999011e-02
6.509670000000000734e-02
8.657764999999997824e-02
6.384109999999999785e-02
6.678144999999999221e-02
6.445194999999999397e-02
5.272404999999998759e-02
5.467939999999998912e-02
8.619509999999998284e-02
8.264210999999999085e-02
1.291035500000000114e-01
3.113045099999999787e-01
2.181372590000000000e-01
1.435451790000000227e-01
2.792953400000000030e-01
1.712665999999999911e-01
1.004425499999999916e-01
8.681760000000002253e-02
9.701643000000000072e-02
8.312273000000003353e-02
5.610949999999997190e-02
8.328735000000000999e-02
8.728174999999997741e-02
7.353619999999999601e-02
9.289425000000001154e-02
3.405595000000000844e-02
5.148974999999998692e-02
6.535793000000002240e-02
8.902176999999997231e-02
1.481041999999999914e-01
1.356036800000000042e-01
4.651368000000001557e-02
4.510537500000001698e-02
9.297157500000000074e-02
7.119847999999999455e-02
1.053571000000000091e-01
5.350821999999998829e-02
1.368740650000000170e-01
1.107949949999999795e-01
5.420453600000000455e-02
4.382376600000000011e-02
5.309101500000001916e-02
3.814587500000000270e-02
3.145573500000001244e-02
7.398043499999999717e-02
9.168399999999998773e-02
1.497431500000000193e-01
1.519368749999999713e-01
1.894978150000000694e-01
7.247570799999999980e-02
9.395652800000001137e-02
1.831969300000000356e-01
6.955479000000000522e-02
3.599216499999999264e-02
5.682537499999999048e-02
6.726018300000001504e-02
1.135206529999999991e-01
8.917921000000000875e-02
1.290657749999999659e-01
4.886532869999998113e-02
7.151298369999999072e-02
5.682184999999999320e-02
7.896631499999999526e-02
8.440424499999998886e-02
9.753461500000000506e-02
2.372868650000000135e-01
1.391262150000000253e-01
9.899611599999999512e-02
1.694218710000000017e-01
1.853517600000000043e-01
5.617036000000000251e-02
9.743220999999999132e-02
6.478996000000000755e-02
9.586763000000000923e-02
9.183708000000000149e-02
7.359904000000000446e-02
4.999963500000000061e-02
5.876783500000000438e-02
4.974005000000000093e-02
8.699764800000001075e-02
9.731288800000000017e-02
1.059705599999999914e-01
8.532671999999999479e-02
6.119624999999999371e-02
4.429028500000000562e-02
7.650106499999999310e-02
9.370826699999999787e-02
9.909338700000000499e-02
1.614608500000000169e-01
8.292616999999999350e-02
5.107257500000000200e-02
6.783616500000001770e-02
7.935216000000000491e-02
1.143157184999999826e-01
5.761742650000000604e-02
1.191577650000000127e-01
6.961540000000000783e-02
8.597022000000001385e-02
6.694628399999999480e-02
7.696172139999998829e-02
9.508781130000000525e-02
2.177907700999999752e-01
1.582318249999999926e-01
9.671075500000000935e-02
1.414874000000000132e-01
1.231530555000000110e-01
7.618836450000000815e-02
5.178420999999999025e-02
3.589649000000000312e-02
5.090465999999999741e-02
6.056257000000001001e-02
6.544086500000000084e-02
1.012400050000000079e-01
8.228436999999999557e-02
2.700757999999999631e-02
2.415723999999999302e-02
5.107760000000000078e-02
5.207920000000000604e-02
4.840715999999999769e-02
8.934523999999999244e-02
1.603554700000000000e-01
7.643579000000000345e-02
1.239571899999999949e-01
2.332055900000000181e-01
2.927695599999999843e-01
7.941286999999999652e-02
1.179395499999999902e-01
1.292715700000000023e-01
1.157434499999999700e-01
7.946459800000001128e-02
2.494069799999997991e-02
5.018524999999997294e-02
5.327905000000000141e-02
4.360157999999998701e-02
1.341374415000000375e-01
7.643694249999999357e-02
9.808301599999996734e-02
4.280757999999997010e-02
1.183250100000000221e-01
1.406721950000000276e-01
4.141454050000000220e-01
1.330280199999999968e-01
1.863500100000000104e-01
4.754260000000001124e-02
9.882321999999998940e-02
6.936501499999998821e-02
7.037735499999998867e-02
6.720449000000000561e-02
1.176399999999999946e-01
2.828795800000000193e-02
8.069053650000000688e-02
6.141669849999999847e-02
7.565884999999998584e-02
6.994276000000000659e-02
3.530897999999999676e-02
8.961843499999999629e-02
8.868408500000000971e-02
6.699620000000000575e-02
1.589962799999999898e-01
1.827573599999999798e-01
1.650662599999999924e-01
1.139975000000000016e-01
1.806303709999999840e-01
1.266051200000000154e-01
1.976659589999999744e-01
1.388029499999999805e-01
1.819745900000001651e-02
1.388010799999999934e-01
4.512541899999999995e-02
1.065922990000000015e-01
5.919462900000000555e-02
1.107820239999999790e-01
1.223019450000000230e-01
1.006251800000000085e-01
1.169827890000000037e-01
5.035985899999998600e-02
1.078206700000000073e-01
1.875508589999999864e-01
1.584556089999999695e-01
1.051228499999999899e-01
1.744797439999999922e-01
2.222618349999999909e-01
7.030295999999999768e-02
8.653950999999998617e-02
1.436468399999999979e-01
