FramewiseDisplacement
1.222524000000000111e-01
5.716631000000003959e-02
6.458223000000001823e-02
8.553513999999995399e-02
6.962361999999999718e-02
8.344837999999998868e-02
8.109838000000001157e-02
9.629690999999999945e-02
7.387603000000000919e-02
1.019452999999999887e-01
6.050859999999999572e-02
1.096079999999999832e-01
1.815057999999999949e-01
1.261874799999999908e-01
7.932877999999995988e-02
7.475532999999996708e-02
1.995228300000000121e-01
6.831450000000000022e-02
1.064219000000000137e-01
1.970729999999999982e-01
6.362950000000003326e-02
7.461713000000003149e-02
7.789524999999997146e-02
1.808641800000000133e-01
1.506994999999999862e-01
1.575383999999999951e-01
8.988862000000000241e-02
7.271067999999999976e-02
8.293450000000002209e-02
5.284259999999998958e-02
8.784833999999999699e-02
1.117276399999999753e-01
7.588400000000000700e-02
6.458760000000002277e-02
6.033149999999998236e-02
1.132546999999999859e-01
1.391028300000000106e-01
8.202705000000000413e-02
1.076521799999999723e-01
8.324709999999994892e-02
8.221982599999996810e-02
1.433452740000000225e-01
1.198094999999999855e-01
1.080535999999999996e-01
1.169285999999999937e-01
1.760926999999999909e-01
5.391754999999999465e-02
4.283859999999998364e-02
4.915739999999997611e-02
3.062844999999998763e-02
1.138324499999999878e-01
1.228966500000000101e-01
3.285955000000000820e-02
5.224662000000000056e-02
1.113539199999999812e-01
6.504369999999998209e-02
1.383822000000000108e-01
1.236481999999999998e-01
6.951182399999999983e-02
8.688292400000000026e-02
8.399709999999999122e-02
5.005855000000000027e-02
6.054369999999999197e-02
5.074976000000000487e-02
4.302573999999999288e-02
4.800826999999999178e-02
9.826475999999997879e-02
2.156992100000000023e-01
1.798651000000000000e-01
1.307920000000000194e-01
8.494809999999999861e-02
8.340404999999999347e-02
7.183805000000001439e-02
1.311316999999999899e-01
9.507944999999999591e-02
3.517109999999999681e-02
4.075679999999999581e-02
1.043925100000000078e-01
1.211290599999999967e-01
2.665446000000000135e-02
4.920496999999999371e-02
8.592310000000000225e-02
4.113979999999999720e-02
9.141951000000000938e-02
6.304123000000000365e-02
8.303408999999999096e-02
1.366548499999999944e-01
1.447197659999999997e-01
6.209414800000000872e-02
2.620961290000000526e-02
5.452029409999999132e-02
9.426433750000000333e-02
7.568415500000000296e-02
7.888467249999998876e-02
7.305731953999999861e-02
7.183753153999999919e-02
8.380822999999999745e-02
9.930301999999999185e-02
8.253821000000000074e-02
1.538566700000000287e-01
1.257064999999999988e-01
1.048073399999999988e-01
6.808425999999997980e-02
5.951485000000000108e-02
7.333900000000000141e-02
3.932580000000001491e-02
7.389434999999998366e-02
1.252540199999999937e-01
2.605789500000000314e-01
2.405100160000000209e-01
1.475326339999999958e-01
7.315741000000000605e-02
6.057603100000000240e-02
6.028638000000000746e-02
7.563566900000000259e-02
1.033770800000000101e-01
7.018404999999999783e-02
1.277692200000000167e-01
1.648076800000000119e-01
1.739495000000000069e-01
6.472110000000000363e-02
8.689570000000002015e-02
1.150143000000000137e-01
1.378684500000000313e-01
7.199369999999999381e-02
9.744475000000001053e-02
1.122617300000000040e-01
9.913758000000000292e-02
3.418909999999998617e-02
2.759419999999998194e-02
7.471030000000000726e-02
4.742439999999999156e-02
7.630140000000000533e-02
7.252799999999996750e-02
1.171427999999999914e-01
9.889884999999999649e-02
1.328227500000000172e-01
1.450056999999999596e-01
1.591295000000000348e-01
1.746562999999999866e-01
1.140333999999999515e-01
6.521086000000002325e-02
3.540870000000000822e-02
1.254920600000000441e-01
7.358920000000002126e-02
6.158419999999998479e-02
8.165760000000001073e-02
1.541874000000000022e-01
1.337724000000000135e-01
7.071249999999998370e-02
2.753289999999996782e-02
1.324085999999999874e-01
1.975360000000000171e-01
5.658659999999994528e-02
1.175944000000000433e-01
5.424629999999996954e-02
1.347675000000000123e-01
1.249525999999999137e-01
1.088429000000000757e-01
7.488630000000004450e-02
9.140789999999995863e-02
8.761750000000004257e-02
1.201671000000000128e-01
1.777251000000000247e-01
1.358808000000000515e-01
8.422129999999995731e-02
7.574999999999997014e-02
6.708929999999992122e-02
6.987109999999999155e-02
1.014756000000000269e-01
8.497390000000004662e-02
3.187980000000002756e-02
1.501753999999999312e-01
1.292118999999999074e-01
8.602970000000002837e-02
7.324600000000003330e-02
9.531969999999992393e-02
1.341429000000000094e-01
7.997289999999998567e-02
9.589619999999997313e-02
8.555499999999999217e-02
1.914529999999996929e-02
5.495830000000000159e-02
1.045025999999999872e-01
1.138966000000000145e-01
2.262661000000000255e-01
1.531748000000000554e-01
1.003327000000000246e-01
1.241290999999999922e-01
1.286383999999999583e-01
