FramewiseDisplacement
1.160321199999999886e-01
6.672672000000001713e-02
1.168012799999999934e-01
9.521917999999998661e-02
8.171671000000002572e-02
4.643129000000001394e-02
9.966439999999998633e-02
9.350470000000001003e-02
8.835928999999999311e-02
5.751279999999999587e-02
6.387108999999999148e-02
7.680391000000000301e-02
7.346971000000000751e-02
4.753460000000001018e-02
1.137042999999999804e-01
1.231568999999999997e-01
2.203614999999999879e-01
1.552922999999999942e-01
1.243956000000000089e-01
1.162486000000000214e-01
1.093294999999999961e-01
7.357210000000001526e-02
6.899710000000001953e-02
1.362784000000000217e-01
1.266552999999999984e-01
1.035907000000000078e-01
7.477900000000002600e-02
2.788314300000000467e-01
8.760566299999998918e-01
6.338796300000000272e-01
3.545593969999998873e-01
2.389514670000000007e-01
1.313184899999999822e-01
2.241686999999999985e-01
3.438879000000000241e-01
1.294052999999999731e-01
7.986100000000000143e-02
1.252926999999999791e-01
7.544567000000000634e-02
7.430007000000002360e-02
1.628042999999999574e-01
2.050358600000000420e-01
7.078155499999998213e-02
7.662407499999998595e-02
1.022908899999999954e-01
1.456075500000000300e-01
1.044223899999999899e-01
5.855878999999999945e-02
1.326556999999999875e-01
1.737645300000000004e-01
6.007888000000002893e-02
9.658948999999998619e-02
1.458122199999999924e-01
3.512960000000001776e-02
1.729862500000000081e-01
9.740084999999999715e-02
8.674315100000000445e-02
4.852644100000001737e-02
2.623167399999999927e-01
1.176105999999999818e-01
1.653515000000000124e-01
1.691650999999999849e-01
1.359671550000000062e-01
1.038745799999999941e-01
3.644700149999999250e-01
5.362991000000000286e-01
8.422921999999999354e-01
1.503372999999999793e-01
1.585942500000000199e-01
6.929803999999999409e-01
1.093328999999999968e-01
9.138073500000001848e-02
6.917471999999999510e-02
2.192694350000000125e-01
2.663453100000000018e-01
1.083662199999999853e-01
3.388185000000000502e-02
1.574875700000000212e-01
1.529590500000000131e-01
7.874493999999998550e-02
1.045376499999999959e-01
4.198088999999997906e-02
1.019296400000000019e-01
1.008373999999999798e-01
7.737939000000000622e-02
5.270423999999999942e-02
5.372820999999999153e-02
7.632019000000000997e-02
4.477715000000000861e-02
2.921572999999999878e-02
4.662245999999999752e-02
9.266615000000000268e-02
5.669714000000000004e-02
1.040336899999999842e-01
1.792583660000000301e-01
7.371123100000000206e-02
1.147153350000000016e-01
1.038028099999999954e-01
1.074834900000000010e-01
1.218538650000000056e-01
1.045790550000000041e-01
5.297815000000000163e-02
6.406272999999999829e-02
5.385485999999999052e-02
7.742063999999999890e-02
9.300144999999999940e-02
1.153031850000000164e-01
2.892856499999999983e-02
5.878955000000000292e-02
6.726882000000000694e-02
1.279526799999999853e-01
1.323386400000000074e-01
9.490063500000002483e-02
5.894505500000001008e-02
4.385659999999999559e-02
8.795133000000000811e-02
7.265532999999999020e-02
4.147601499999999802e-02
1.028698649999999770e-01
9.059097999999998763e-02
7.588662000000001573e-02
6.821600000000001274e-02
3.637032000000000459e-02
1.208319200000000093e-01
2.058856500000000034e-01
1.738612499999999950e-01
2.274325499999999833e-01
9.710525000000001794e-02
1.234836500000000281e-01
7.243014999999999870e-02
7.762099999999999556e-02
5.748864999999999531e-02
5.488110000000000210e-02
1.067516999999999910e-01
1.100981999999999794e-01
7.973862200000000899e-02
1.435391299999998552e-02
3.789118499999999390e-02
3.895399999999998170e-02
7.193217000000001748e-02
5.696432000000002660e-02
6.266360000000001373e-02
6.666970000000001229e-02
7.846550000000000746e-02
4.646975000000000411e-02
1.017329500000000303e-01
2.078979000000000521e-01
1.294817900000000133e-01
9.525804999999998302e-02
9.367198999999999665e-02
7.875713999999998938e-02
4.587500000000000605e-02
1.289174549999999864e-01
3.764427499999998400e-02
2.132092999999999489e-02
4.871612999999998944e-02
1.166468299999999930e-01
1.367749799999999905e-01
1.064897650000000001e-01
5.753292499999998477e-02
8.610479999999999523e-02
8.318680500000001643e-02
7.795004499999999559e-02
6.741976499999999262e-02
4.266236999999999113e-02
3.057893500000000847e-02
9.165617999999997600e-02
3.429947500000000704e-01
8.634916999999999732e-01
2.160655000000000492e-01
3.741511100000000090e-01
1.052918500000000063e-01
8.036867999999995626e-02
2.169070800000000854e-01
1.451932999999999974e-01
2.084313499999999597e-01
1.435140499999999764e-01
8.543364999999999987e-02
5.465609999999998525e-02
1.135165500000000355e-01
4.939560000000006723e-02
1.434145999999999754e-01
1.011820499999999956e-01
1.243461999999999901e-01
1.184180000000000094e-01
3.661659999999997139e-02
5.549691999999997044e-02
4.404819999999998181e-02
5.630789999999996631e-02
4.089406999999996989e-02
