FramewiseDisplacement
4.481093999999999355e-02
7.594774999999999443e-02
1.488279000000000130e-01
6.674687999999999455e-02
8.297341999999997830e-02
1.388250000000000317e-01
1.443678999999999935e-01
1.698342499999999922e-01
9.187134000000000966e-02
9.653515999999998098e-02
1.131769999999999998e-01
8.296433999999999753e-02
4.994246000000000102e-02
1.050776999999999822e-01
2.140317999999999943e-01
4.513103999999999449e-01
1.383365000000000011e-01
1.788131000000000581e-01
6.993314000000000474e-02
1.857586600000000199e-01
1.408888999999999836e-01
1.024936999999999793e-01
1.394205199999999922e-01
9.511131999999999920e-02
1.505611700000000219e-01
8.821725100000002429e-02
1.061176810000000054e-01
6.156160000000000104e-02
1.040043999999999969e-01
6.895030000000001991e-02
1.135148000000000268e-01
1.446425299999999914e-01
2.102706199999999637e-01
1.010453500000000199e-01
1.144561500000000204e-01
1.247943499999999845e-01
5.345439999999999914e-02
8.174389999999999434e-02
1.627368000000000148e-01
1.274831499999999895e-01
4.833004999999999246e-02
1.284141900000000114e-01
1.795337299999999747e-01
2.097321900000000128e-01
5.970580000000001025e-02
9.866897000000000861e-02
1.464731700000000136e-01
9.769985999999999948e-02
1.379087599999999914e-01
1.069167999999999924e-01
1.218313350000000128e-01
8.614158499999999274e-02
3.160355000000000109e-02
8.352960999999999026e-02
1.599901069999999925e-01
1.157789030000000025e-01
1.044008699999999928e-01
9.410014999999999352e-02
1.100015499999999896e-01
1.428306000000000020e-01
1.173700299999999863e-01
1.276187199999999911e-01
1.087098400000000020e-01
5.802935000000000731e-02
1.208792499999999936e-01
1.601573000000000024e-01
1.738552999999999904e-01
9.823716000000001780e-02
4.940546999999999994e-02
7.679461999999999400e-02
1.390048399999999906e-01
1.609495399999999743e-01
1.341257499999999880e-01
7.545985000000000886e-02
1.472919500000000048e-01
1.000385820000000009e-01
5.004988200000000387e-02
5.126177099999999764e-02
1.044111559999999911e-01
1.241082500000000033e-01
1.065149499999999971e-01
1.146845950000000142e-01
1.219656949999999990e-01
7.934968000000000576e-02
1.258782549999999945e-01
1.306303749999999930e-01
8.826730500000000423e-02
1.202959250000000119e-01
1.644459300000000179e-01
1.186920390000000269e-01
6.481068099999999499e-02
1.857577099999999926e-01
9.696454999999998270e-02
9.284022499999999845e-02
1.348599320000000157e-01
4.673776799999999898e-02
7.990957500000001046e-02
6.093740000000000268e-02
1.058521100000000131e-01
1.585198700000000072e-01
1.245648199999999928e-01
7.889991000000001753e-02
7.811112499999998959e-02
4.779224499999999709e-02
8.110451999999999939e-02
1.590022099999999772e-01
1.214361500000000066e-01
1.262508950000000019e-01
1.383603700000000103e-01
1.598728700000000003e-01
2.445803139999999654e-01
1.356129439999999853e-01
1.026946434999999880e-01
1.507069635000000130e-01
3.822519999999999391e-02
8.465939999999999577e-02
7.160855500000000429e-02
1.560394500000000240e-01
1.225887500000000102e-01
2.096322999999999936e-01
9.369750500000001425e-02
1.178798549999999917e-01
1.255356300000000092e-01
1.304142050000000053e-01
1.378277850000000082e-01
5.833548499999999248e-02
1.004750849999999779e-01
1.452923299999999973e-01
1.648608450000000059e-01
9.453736499999999821e-02
1.109436649999999969e-01
8.365380000000000038e-02
8.041610000000000424e-02
6.872119999999999618e-02
1.169182999999999889e-01
1.517570000000000585e-01
1.554135499999999837e-01
9.383795000000000330e-02
1.023358500000000060e-01
8.132769999999998889e-02
9.369290000000000951e-02
6.810995000000000243e-02
7.470620000000000038e-02
1.125497500000000178e-01
1.162582500000000074e-01
1.367003999999999997e-01
1.489883500000000194e-01
9.594605000000000494e-02
1.398305500000000257e-01
9.455430000000000779e-02
1.008412000000000058e-01
1.055362000000000244e-01
9.372722999999999471e-02
1.441324800000000073e-01
9.959274999999999378e-02
1.040835999999999845e-01
1.329919999999999991e-01
8.689689999999999914e-02
8.237964999999997096e-02
1.009474499999999941e-01
4.850319999999999632e-02
8.205979999999998831e-02
6.970419999999999394e-02
2.192515000000000436e-02
5.925554999999999017e-02
1.212636000000000130e-01
1.125055999999999834e-01
9.849315000000001541e-02
8.226580000000000004e-02
8.925679999999999725e-02
1.114364000000000049e-01
1.924719000000000291e-01
2.146629999999999927e-01
7.333909999999999041e-02
1.529355000000000298e-01
1.492474999999999774e-01
1.203256000000000048e-01
7.924235000000000306e-02
6.741934999999997513e-02
7.698040000000001826e-02
9.675170000000000992e-02
1.113586000000000020e-01
9.158870000000000899e-02
9.423175000000000301e-02
1.280539000000000260e-01
1.468119500000000244e-01
1.276043499999999775e-01
2.355464500000000183e-01
1.681540500000000271e-01
1.913903499999999869e-01
