FramewiseDisplacement
1.185639999999999750e-01
9.540149999999995856e-02
1.120444999999999913e-01
6.675800000000002565e-02
1.306494999999999462e-01
1.554200000000000303e-01
1.749854999999999605e-01
1.717548000000000408e-01
1.405250999999999861e-01
8.398730000000001472e-02
8.553379999999997929e-02
9.687614999999999421e-02
1.362449499999999758e-01
1.542978000000000127e-01
4.528792000000000373e-01
7.751122499999999471e-01
2.067535799999999646e-01
1.020909300000000103e-01
1.790689699999999940e-01
1.061937399999999809e-01
7.720600000000002461e-02
3.735460000000002251e-02
6.338457000000000119e-02
6.338354999999998296e-02
8.148423000000003247e-02
9.238298500000001467e-02
4.480096499999998427e-02
8.041304999999999981e-02
6.061749999999997002e-02
9.148129999999998763e-02
1.056079500000000060e-01
6.888916000000001871e-02
1.280116000000000032e-01
6.344178999999999791e-02
5.717280000000001666e-02
1.207316999999999974e-01
9.783454999999999235e-02
1.002135499999999846e-01
5.593133499999999869e-02
7.932363499999998957e-02
8.153620000000000312e-02
7.088999999999998081e-02
1.870785000000001544e-02
3.619025000000000020e-02
4.586849999999998567e-02
4.750379999999998493e-02
7.339624999999999622e-02
1.049622899999999998e-01
1.201330419999999538e-01
1.505574019999999791e-01
1.358969899999999953e-01
1.570434499999999733e-01
8.790115999999999208e-02
9.149951000000001999e-02
5.264441999999999039e-02
7.759053999999999951e-02
8.703249999999999875e-02
8.381631999999999971e-02
1.084950399999999870e-01
6.795314999999997607e-02
2.134355999999999753e-01
1.603985499999999731e-01
1.099371500000000113e-01
3.959975000000000300e-02
4.072664999999999619e-02
7.587220000000000075e-02
1.057537500000000075e-01
1.089201999999999948e-01
5.133919999999999456e-02
7.198575000000000113e-02
9.198444999999999538e-02
7.471690000000001664e-02
1.440072500000000033e-01
8.000915000000000110e-02
8.106524999999999148e-02
4.486790000000001610e-02
1.289322500000000260e-01
1.025196000000000024e-01
7.652620999999999729e-02
1.228363099999999902e-01
1.242099199999999876e-01
1.895552350000000164e-01
9.824956500000001092e-02
9.802581999999999962e-02
6.922146999999999328e-02
8.415889999999999482e-02
1.059191749999999904e-01
9.045287999999999939e-02
3.832185000000000452e-02
4.896528499999999728e-02
6.009961149999999697e-02
1.304276065000000151e-01
9.875320499999999668e-02
7.286681000000000408e-02
8.674913500000000499e-02
1.299964449999999883e-01
8.600905999999999829e-02
6.493605499999999253e-02
5.183230999999999256e-02
7.453013500000001124e-02
4.114334999999999520e-02
1.183445600000000014e-01
1.574232799999999710e-01
4.946439500000000128e-02
7.056581000000000659e-02
5.830395500000001147e-02
1.473485099999999881e-01
1.010035250000000107e-01
1.460509549999999823e-01
5.366485000000000005e-02
9.986915000000001763e-02
1.358158250000000011e-01
6.812858500000000539e-02
1.003645100000000040e-01
1.249917000000000111e-01
7.175265000000000115e-02
6.091020000000001156e-02
5.263160000000000061e-02
7.127794999999999270e-02
6.429790000000001893e-02
6.601374999999999604e-02
4.200849999999999029e-02
2.977829999999999366e-02
9.222249999999999892e-02
6.352614999999998957e-02
1.011328499999999825e-01
6.645594999999999697e-01
3.994926699999999387e-01
2.614848300000000014e-01
1.323258999999999963e-01
1.284828500000000095e-01
1.145236000000000171e-01
1.466797999999999713e-01
1.146010899999999888e-01
4.899769000000002428e-02
5.545500000000001817e-02
1.046722449999999971e-01
1.035376300000000055e-01
1.512556349999999994e-01
1.317970649999999910e-01
1.252514349999999943e-01
7.983004000000000489e-02
9.620696000000000803e-02
1.250811000000000284e-01
1.345282100000000369e-01
3.562332000000001386e-02
1.164173499999999889e-01
8.747823000000001792e-02
6.523294999999995625e-02
9.774881999999998627e-02
8.425093999999999639e-02
9.711186800000000396e-02
5.576832199999999518e-02
8.225754999999999872e-02
6.321177999999999519e-02
6.955193000000001180e-02
7.844234999999995239e-02
7.002547499999998981e-02
1.595650750000000284e-01
8.592395000000002669e-02
8.940629999999999411e-02
7.604991600000000906e-02
3.672410400000001435e-02
1.403891349999999982e-01
1.466371049999999898e-01
4.677433999999999065e-02
9.254825499999998206e-02
1.039747449999999379e-01
2.060337499999999322e-01
1.143429099999999921e-01
1.212469099999999578e-01
1.501667000000000141e-01
7.363585000000001657e-02
1.519102999999999704e-01
8.920520000000001226e-02
9.953692999999999569e-02
7.348823000000002936e-02
1.140050000000000230e-01
5.023610000000003351e-02
1.609539600000000348e-01
8.279268000000004901e-02
7.741659000000003510e-02
1.110371999999999609e-01
1.351678509999999223e-01
1.069350509999999754e-01
1.126372699999999838e-01
1.165962700000000157e-01
8.255754999999996568e-02
6.065104999999997720e-02
7.545344999999992197e-02
