FramewiseDisplacement
2.440129500000000062e-01
2.667286500000000116e-01
9.763220000000000232e-02
3.389784000000000130e-01
2.725003000000000286e-01
5.492598500000001049e-01
4.455383000000000537e-01
2.790641999999999290e-01
1.210733499999999963e-01
1.313104999999999967e-01
1.934940500000000285e-01
2.456070199999999815e-01
9.125201999999998925e-02
1.662456650000000147e-01
1.207210150000000010e-01
1.467081999999999831e-01
1.593356999999999968e-01
2.708905500000000077e-01
1.185446500000000014e-01
2.084377999999999787e-01
2.998587999999999809e-01
5.499687500000000062e-01
4.529185999999998935e-01
1.564906100000000022e-01
1.215751199999999810e-01
1.760680699999999654e-01
4.804521000000003261e-02
1.221572500000000228e-01
1.546507249999999889e-01
8.109224499999999336e-02
1.578568800000000050e-01
1.715946999999999611e-01
9.947390000000000398e-02
1.243953000000000003e-01
7.682750000000003465e-02
1.063454605000000164e-01
1.033948104999999895e-01
1.066249000000000224e-01
9.080607000000000262e-02
5.754300999999999167e-02
1.256692400000000154e-01
8.765050000000000618e-02
1.206957999999999920e-01
1.318701000000000179e-01
1.096084400000000014e-01
1.395499800000000457e-01
1.651998499999999814e-01
3.218272900000000436e-01
2.128917200000000065e-01
1.657477645000000332e-01
7.800210549999997411e-02
1.443727799999999506e-01
1.524107400000000445e-01
4.280057000000000306e-02
1.495698950000000083e-01
1.035145749999999976e-01
1.037474000000000174e-01
1.917430999999999996e-01
9.804963999999999347e-02
7.764579100000000567e-02
9.821500899999997813e-02
3.141451000000000660e-02
9.230489000000000055e-02
8.964329000000000047e-02
7.065844999999998377e-02
1.013574500000000156e-01
1.099287500000000195e-01
1.115680500000000019e-01
1.269192500000000112e-01
1.264496999999999982e-01
9.772309999999999330e-02
8.701295000000003332e-02
1.583867500000000206e-01
2.805300000000001195e-02
1.185234700000000058e-01
4.111653000000000530e-02
6.549529000000001155e-02
7.163200000000000123e-02
8.876015000000000987e-02
5.975334999999999674e-02
1.450657499999999933e-01
2.342440000000001188e-02
1.998249500000000289e-01
8.994822499999999277e-02
1.465576249999999969e-01
1.591055650000000043e-01
1.090306709999999957e-01
7.127843600000000057e-02
1.028985500000000053e-01
7.529195000000001026e-02
7.399638999999999522e-02
1.090948600000000018e-01
7.627441000000001470e-02
6.879644000000000037e-02
2.374918500000000321e-01
1.841445899999999969e-01
1.901165849999999491e-01
9.455932499999998575e-02
8.640969800000000700e-02
1.273457819999999907e-01
1.172241350000000071e-01
1.566159850000000131e-01
1.469324599999999870e-01
9.878324950000000326e-02
1.027209604999999859e-01
1.386637549999999719e-01
9.167189149999999120e-02
1.454862585000000208e-01
1.519753900000000157e-01
8.202985000000001525e-02
9.623840000000000172e-02
9.735690899999999148e-02
1.598298209999999830e-01
1.254675299999999938e-01
1.120321150000000154e-01
1.322672549999999725e-01
1.765399199999999891e-01
1.841652100000000236e-01
1.986561400000000088e-01
5.508289999999999020e-02
1.293211699999999853e-01
9.426038000000000472e-02
1.127882399999999841e-01
1.340271500000000116e-01
8.115208999999999617e-02
1.290017499999999984e-01
1.104140500000000136e-01
1.586396999999999946e-01
1.149199500000000068e-01
7.739209999999999146e-02
4.345462000000000630e-02
9.150026999999999466e-02
1.417984200000000083e-01
4.073144680000002210e-02
9.585930680000000204e-02
8.912184099999997944e-02
9.894913999999999099e-02
1.253197090000000014e-01
1.038238500000000231e-01
8.271854999999998792e-02
6.812970999999999611e-02
6.509491000000000582e-02
1.062923580000000034e-01
1.118977819999999873e-01
1.623077889999999801e-01
1.131342190000000081e-01
1.271472000000000158e-01
1.782124900000000289e-01
5.201891000000001541e-02
1.568540100000000159e-01
1.386274099999999787e-01
1.259047550000000071e-01
8.194810499999999331e-02
9.949952999999998882e-02
5.052612700000001095e-02
1.123557330000000132e-01
1.930388899999999908e-01
1.551227500000000314e-01
1.030671750000000109e-01
8.445255499999999860e-02
1.031265849999999928e-01
1.143145250000000002e-01
1.331516000000000366e-01
3.818096000000001378e-02
1.540811899999999790e-01
1.393865400000000310e-01
1.051714899999999925e-01
6.511588999999999572e-02
9.941754799999999448e-02
8.506628800000001767e-02
1.212190399999999862e-01
5.185946000000000305e-02
1.006648500000000140e-01
7.768015000000001724e-02
6.377134499999996542e-02
2.504890699999999804e-01
7.996718000000002657e-02
1.665540130000000008e-01
8.505820199999998554e-02
1.219076400000000254e-01
1.017162000000000066e-01
7.373728999999999700e-02
1.231422549999999783e-01
1.007559350000000187e-01
1.025303000000000186e-01
1.418015950000000303e-01
1.077727450000000031e-01
1.045361100000000293e-01
1.374336099999999838e-01
6.179347999999995622e-02
5.020016000000000755e-02
2.004752449999999686e-01
1.204424450000000091e-01
7.236151500000004289e-02
9.796146500000005308e-02
9.463790100000002425e-02
2.806674100000003391e-02
1.214121200000000261e-01
1.407460600000000617e-01
1.346572799999999903e-01
5.827112000000004427e-02
8.590115000000005108e-02
9.748429999999996820e-02
1.157598999999999989e-01
8.061544999999999128e-02
6.250099999999998712e-02
9.291199999999998071e-02
2.205257934000000308e-01
