FramewiseDisplacement
1.193496499999999738e-01
8.139454999999996831e-02
8.403784999999998340e-02
9.998075000000000712e-02
5.107470000000002841e-02
9.253816000000002207e-02
7.118891499999999151e-02
8.901792499999999775e-02
7.553079999999999516e-02
6.483424999999995442e-02
1.937395000000002865e-02
8.853405000000000302e-02
9.012359999999999816e-02
1.015518499999999991e-01
1.184807000000000082e-01
2.138524999999996679e-02
1.475087499999999385e-01
9.650005000000003164e-02
8.994705000000002837e-02
1.083416499999999838e-01
1.013151350000000006e-01
5.647199700000000988e-02
9.804186799999997648e-02
9.157844999999997793e-02
1.412755499999999997e-01
1.351382000000000139e-01
8.068975000000001840e-02
1.165013499999999896e-01
6.979890000000002481e-02
1.226137499999999936e-01
1.340532999999999864e-01
1.468081499999999984e-01
8.374634999999996943e-02
6.187554999999999444e-02
7.241510000000003777e-02
1.927520000000000067e-01
2.074476050000000349e-01
6.399390999999995944e-02
9.316775500000006038e-02
7.353383000000002223e-02
1.057323099999999960e-01
1.101280749999999919e-01
7.458739500000002853e-02
7.211208000000000895e-02
8.569446999999999481e-02
9.901973834999998336e-02
1.236433016500000232e-01
1.305300799999999650e-01
1.201411500000000160e-01
1.107178999999999941e-01
9.117805999999996358e-02
8.657894165000001863e-02
1.178573316500000079e-01
8.069318165000000098e-02
8.306426834999997011e-02
2.698216835000002284e-02
3.893980999999996362e-02
1.110384900000000175e-01
1.363543183500000033e-01
1.019830183499999682e-01
5.554250000000002935e-02
1.179293499999999745e-01
1.399403999999999926e-01
6.959079999999999433e-02
8.248430834999997963e-02
9.162549000000000388e-02
8.972069835000000271e-02
8.225480000000000291e-02
7.370386335000002342e-02
4.487886334999999227e-02
9.397060000000001523e-02
8.246677000000000868e-02
1.381899050000000018e-01
1.467984033500000229e-01
8.865479000000003884e-02
9.356128499999996628e-02
6.376483499999999194e-02
4.834487499999998161e-02
5.865329500000001500e-02
9.101375000000000437e-02
2.132440000000000169e-01
1.761533400000000193e-01
7.509461835000001695e-02
1.293657216499999874e-01
1.286200500000000135e-01
1.397711499999999829e-01
9.375413164999998883e-02
1.301704000000000194e-01
1.004956199999999938e-01
7.941639835000000036e-02
9.323988999999999194e-02
1.214544483500000077e-01
1.170060999999999740e-01
1.267173600000000011e-01
1.748733083500000063e-01
1.291994283500000062e-01
5.786886835000001200e-02
7.569521999999999362e-02
1.294912199999999902e-01
5.086592999999999670e-02
5.749310000000000531e-02
6.467517835000000104e-02
1.226866900000000010e-01
7.978771400000000957e-02
6.947683400000000120e-02
8.240165835000000383e-02
8.246907000000000543e-02
8.486212999999999396e-02
1.138516283500000253e-01
9.610519000000000700e-02
4.976303999999999450e-02
1.125751416499999880e-01
6.766538999999999193e-02
1.099951716500000010e-01
1.122052600000000011e-01
6.519163834999999740e-02
7.554537835000001145e-02
4.927779999999998273e-02
6.994700000000000917e-02
5.955369999999999414e-02
9.020525000000000071e-02
1.120829320500000004e-01
2.067150840000001044e-02
9.700574039999998455e-02
8.804515000000000258e-02
6.878554860000000992e-02
1.143947669999999944e-01
1.055753815999999901e-01
4.026074999999999793e-02
3.495024999999998827e-02
9.626930000000001597e-02
9.401344999999998453e-02
5.008059999999999595e-02
5.180993499999999446e-02
7.767708500000000682e-02
9.542087000000000485e-02
1.934039799999999754e-01
7.283989999999999909e-02
6.198785000000000406e-02
6.989499999999998492e-02
9.833836840000000079e-02
1.686027434000000047e-01
2.209720066000000482e-01
1.550418916000000091e-01
1.556578215999999959e-01
1.072374499999999981e-01
1.581781999999999910e-01
1.729114499999999666e-01
1.045996000000000009e-01
5.222095000000001597e-02
1.105534000000000100e-01
1.238254500000000036e-01
9.293170000000000597e-02
4.373594999999998872e-02
2.439880499999999564e-02
3.425825499999998747e-02
9.939408000000000964e-02
1.171347300000000063e-01
1.238672499999999982e-01
1.050330500000000167e-01
1.504333499999999935e-01
1.078870099999999776e-01
2.645951999999999679e-02
5.079440999999998430e-02
8.824081000000000286e-02
3.966269000000000738e-02
7.345266999999999769e-02
1.416198499999999916e-01
1.027539100000000039e-01
1.071390100000000067e-01
6.759040000000000881e-02
8.737914999999998877e-02
8.098322000000000853e-02
8.869299499999998282e-02
4.706253000000000519e-02
6.958256500000001288e-02
8.673854000000000286e-02
3.709301499999999308e-02
6.197659500000000932e-02
6.616349000000001923e-02
9.591357700000001374e-02
6.662398299999999773e-02
1.965108000000000132e-01
1.365777599999999925e-01
1.553349099999999650e-01
9.059456500000000190e-02
2.897618499999999112e-02
1.263236000000000081e-01
5.416460999999999498e-02
8.012792000000001913e-02
1.123031700000000077e-01
1.393247499999999972e-01
1.226219500000000073e-01
9.532356000000002938e-02
1.094624100000000100e-01
7.769997000000000709e-02
1.910581299999999927e-01
1.652928399999999964e-01
8.680289499999999103e-02
7.580424499999999233e-02
4.770027000000000988e-02
1.018390200000000023e-01
8.790785000000002347e-02
8.920695999999998793e-02
6.447116000000002733e-02
1.054847800000000141e-01
7.202903000000000777e-02
7.559899999999998566e-02
