FramewiseDisplacement
5.953988099999999589e-02
4.202374689999999746e-01
8.737191999999999181e-01
1.178258350000000121e+00
1.573211999999999944e-01
2.005112000000000005e-01
6.965985000000002314e-02
1.519323000000000201e-01
1.687849750000000038e-01
7.662892650000001360e-02
1.549688815000000164e-01
2.779880299999999971e-01
2.390751999999999877e-01
2.252543500000000476e-01
1.825109499999999774e-01
4.099840000000000428e-02
2.456115500000000118e-01
4.072104000000000279e-01
2.102014249999999973e-01
1.210186749999999645e-01
4.712151499999999715e-01
1.431533499999999293e-01
2.046230500000000285e-01
1.916282500000000000e-01
2.813302500000000039e-01
2.165554000000000090e-01
1.422868999999999939e-01
5.645895000000001468e-02
1.113691000000000125e-01
2.998304999999997986e-02
8.805483000000000060e-02
5.892562000000003269e-02
9.609500699999999618e-02
1.373469930000000006e-01
2.802404300000000403e-01
2.051420699999999819e-01
3.243381000000000181e-01
5.799539000000000222e-01
5.707211500000001214e-01
3.357651500000000122e-01
1.972758999999999763e-01
2.320475000000000732e-01
1.438742999999999550e-01
2.548969499999999555e-01
1.764751999999999987e-01
9.060110000000001773e-02
9.526605000000000489e-02
6.771600000000001229e-02
7.758750000000000369e-02
9.886127999999999583e-02
2.489906299999999628e-01
2.444717500000000154e-01
1.635599999999999554e-01
8.722700000000005449e-02
3.312710999999999850e-01
4.185893999999999449e-01
4.297636999999999707e-01
1.489459999999999951e-01
1.275572000000000372e-01
1.751811000000000063e-01
7.784785000000003785e-02
1.303507500000000152e-01
1.006697799999999726e-01
1.502859699999999910e-01
6.101199999999999679e-02
7.705014999999999781e-02
6.624625400000000441e-02
7.618184600000001139e-02
1.271092000000000055e-01
2.041292999999999858e-01
1.038083500000000214e-01
1.525185000000000290e-01
1.252725999999999840e-01
2.546196499999999752e-01
1.682392699999999686e-01
9.509513000000002769e-02
8.913038800000000483e-02
1.637296619999999980e-01
1.411605999999999417e-01
4.833630000000000565e-02
1.336436500000000027e-01
6.975461499999999204e-02
5.672363499999999448e-02
1.360662350000000076e-01
5.613568500000001155e-02
1.380750249999999901e-01
1.267771250000000183e-01
1.247280550000000043e-01
1.327798850000000142e-01
5.992814000000001862e-02
9.990299999999999181e-02
1.327518000000000031e-01
6.172009999999997221e-02
1.634595500000000090e-01
2.676528499999999422e-01
1.539530500000000079e-01
4.802426050000001001e-01
2.849327449999999873e-01
4.601484999999998909e-02
4.674618999999999996e-02
1.067214439999999986e-01
3.400733400000000017e-02
4.681210499999999969e-02
4.442836099999999955e-02
7.363884999999999181e-02
9.041006649999999700e-02
2.760266465000000280e-01
2.079083300000000301e-01
7.918052600000000107e-02
1.097946670000000124e-01
1.532464510000000057e-01
1.228704279999999899e-01
6.217560999999999921e-02
2.946632700000000327e-01
4.089930050000000206e-01
7.225228500000001330e-02
9.406396000000000202e-02
5.233689999999999870e-02
7.055517000000001426e-02
5.969868999999999870e-02
6.967707000000000761e-02
8.751340000000001895e-02
7.401250750000000489e-02
5.960134250000000133e-02
1.115427799999999942e-01
1.080897200000000002e-01
1.529667664999999899e-01
2.665710164999999798e-01
1.344326999999999883e-01
1.232205930000000033e-01
8.869709900000000147e-02
2.583901419999999893e-01
1.267082499999999945e-01
5.587554999999999605e-02
2.208753499999999703e-01
5.629144999999999288e-02
1.592247649999999903e-01
1.476718000000001862e-02
1.447239200000000059e-01
1.811588950000000142e-01
1.399155900000000063e-01
1.054986999999999869e-01
1.173824099999999926e-01
1.307328500000000115e-01
1.642394999999999827e-01
9.447365000000000623e-02
3.005167999999999728e-01
1.600094499999999975e-01
1.218461299999999969e-01
8.883371500000000753e-02
7.739212000000003644e-02
2.047813749999999877e-01
1.044729000000000074e-01
5.244854999999998962e-02
4.808092254999999926e-01
3.474283754999999418e-01
4.490437500000000193e-01
2.097945999999999978e-01
1.108676799999999685e-01
6.197485999999999273e-02
4.926434899999999895e-02
8.813164100000001056e-02
1.010928999999999994e-01
9.198254999999999626e-02
1.118337600000000043e-01
7.754271000000001468e-02
7.947695000000000454e-02
1.329563440000000041e-01
1.245324439999999921e-01
8.484959999999999725e-02
7.747094999999999676e-02
7.719239999999998048e-02
8.683573000000001374e-02
4.958247999999998434e-02
1.162524199999999952e-01
1.079314700000000155e-01
8.355065000000003184e-02
7.666070699999995297e-02
4.705352699999999777e-02
1.162320699999999651e-01
1.157564000000000093e-01
1.052758800000000161e-01
1.051148000000000082e-01
1.135631000000000002e-01
1.374421150000000036e-01
3.714165150000000581e-01
1.636446499999999749e-01
1.894494999999999929e-01
4.655141000000000834e-02
4.470079899999999662e-01
4.808752999999999500e-01
8.204734999999996337e-02
1.501635300000000173e-01
7.340041999999999400e-02
1.195638000000000256e-01
1.451523000000000119e-01
6.504640000000005973e-02
1.417671500000000084e-01
1.116568000000000005e-01
1.253596500000000447e-01
1.159456000000000098e-01
1.211662000000000017e-01
1.543101500000000070e-01
2.045412499999999800e-01
6.715394999999999004e-02
1.433614500000000291e-01
5.199269999999996117e-02
7.056479999999996922e-02
