FramewiseDisplacement
6.953410000000000146e-02
1.007817000000000018e-01
6.451490000000000002e-02
1.122598999999999958e-01
1.209317000000000170e-01
7.234430000000001415e-02
9.075489999999997170e-02
5.328789999999997834e-02
1.483804000000000511e-01
1.643498999999999932e-01
9.235979999999995027e-02
8.382590000000000874e-02
8.687590000000000590e-02
1.306777999999999829e-01
1.499645999999999757e-01
1.640514899999999665e-01
1.524330900000000211e-01
6.892180000000003304e-02
1.163882000000000250e-01
1.101570000000000049e-01
7.934531999999999696e-02
1.602585200000000154e-01
1.894570000000000420e-01
1.646685999999999983e-01
1.143881999999999677e-01
2.462824000000000124e-01
2.314278000000000168e-01
5.218210000000001597e-02
1.768330499999999639e-01
8.790020000000001166e-02
6.520810000000000495e-02
2.053737499999999938e-01
1.553476500000000038e-01
6.923859999999999737e-02
1.576410200000000206e-01
1.800169200000000247e-01
8.536439999999999306e-02
1.062564500000000023e-01
1.430339499999999930e-01
7.971170000000002420e-02
5.380250000000000310e-02
1.272794500000000162e-01
1.846044000000000296e-01
2.800678500000000071e-01
1.106089400000000167e-01
1.519667149999999745e-01
6.874187999999999132e-02
8.394241900000000423e-02
8.610413599999998391e-02
6.279133000000000631e-02
1.135065299999999944e-01
9.251055999999999169e-02
9.080106000000000288e-02
8.424513000000000140e-02
4.186642499999999878e-02
2.716231150000000261e-01
2.667640500000000303e-01
3.404935639999999708e-01
6.226062359999999796e-01
2.389604900000000254e-01
1.428197900000000020e-01
1.059606399999999810e-01
9.516384000000001342e-02
9.152161000000000324e-02
1.535571399999999809e-01
1.958598000000000006e-01
8.256145000000000844e-02
8.833670000000000411e-02
8.296320000000000083e-02
6.711005000000000442e-02
1.096454000000000040e-01
1.069159409999999921e+00
2.598633099999999585e-01
1.909204000000000456e-01
9.248699999999998589e-02
1.233383332799999899e-01
9.036856327999999439e-02
7.552963999999999511e-02
1.679783599999999655e-01
1.256019450000000204e-01
1.610185150000000009e-01
1.095651699999999895e-01
4.224827000000001137e-02
5.339523000000000880e-02
1.064442500000000041e-01
2.708431499999999770e-01
1.976456000000000324e-01
1.522148499999999849e-01
1.020437500000000025e-01
4.616730000000000139e-02
8.586006999999998279e-02
1.281147400000000047e-01
8.332282999999998663e-02
3.709337000000000051e-02
1.831130499999999994e-01
1.932484000000000146e-01
1.102176599999999812e-01
7.346578499999999179e-02
8.200655500000000875e-02
9.893924999999997860e-02
1.635495999999999894e-01
1.145267379999999890e-01
9.313292800000000371e-02
1.515461845000000141e-01
1.987560254999999887e-01
1.865829649999999895e-01
9.442579999999999030e-02
4.277480000000000171e-02
7.025238999999999789e-02
1.114150899999999805e-01
4.344264999999999932e-02
5.855402000000001217e-02
6.942352000000001633e-02
7.629816999999998461e-02
1.344624499999999834e-01
6.651405999999998597e-02
1.232603599999999855e-01
4.626134999999999969e-02
1.251082500000000042e-01
7.081099999999999894e-02
5.143260999999998972e-02
4.041141000000000177e-02
1.343771999999999744e-01
1.554954000000000058e-01
1.363530499999999757e-01
1.417999000000000065e-01
9.981133999999999840e-02
6.185099000000000846e-02
3.976133999999999918e-02
2.615041900000000252e-01
2.936668200000000506e-01
1.140904299999999788e-01
1.533297499999999869e-01
7.983765000000002388e-02
7.706280000000002850e-02
8.561699999999999866e-02
1.211875999999999787e-01
2.192169999999998842e-02
6.986960000000001780e-02
9.854309999999999459e-02
6.606429999999999247e-02
8.983988000000001084e-02
1.626922650000000026e-01
1.997859449999999926e-01
2.263779499999999945e-01
1.240388000000000185e-01
1.755155459999999945e-01
3.167884539999999416e-01
1.937981000000000009e-01
2.051609500000000086e-01
1.431853499999999890e-01
2.273797000000000457e-01
1.410935999999999579e-01
1.961694500000000230e-01
8.012211000000001027e-02
8.489750999999999548e-02
1.050261500000000126e-01
2.244008000000000114e-01
1.474253000000000091e-01
6.705999999999999461e-02
1.455578999999999901e-01
1.303181999999999952e-01
1.093670919999999852e-01
1.103854920000000017e-01
8.273073999999999706e-02
7.753667000000000198e-02
1.279383899999999852e-01
1.730234699999999848e-01
1.113392899999999658e-01
8.615869000000000999e-02
7.866429000000002558e-02
7.920590000000002351e-02
8.682043000000000399e-02
1.432099900000000092e-01
7.356710000000001026e-02
6.077627500000000460e-02
7.803682500000001798e-02
8.870910000000002682e-02
3.788910000000002276e-02
5.587165000000000187e-02
9.678245999999997295e-02
9.855731000000000908e-02
2.106919000000000153e-01
2.332300500000000221e-01
8.777644999999999198e-02
7.530614999999997450e-02
9.877709999999999269e-02
1.014323999999999781e-01
7.833355000000001567e-02
9.721776000000001416e-02
8.186881000000000019e-02
5.687709999999998600e-02
7.421206499999999373e-02
1.195348849999999796e-01
6.947446999999999651e-02
1.245360999999999968e-01
1.163453499999999863e-01
6.739279999999998882e-02
8.272274999999998379e-02
1.119192699999999735e-01
5.273042999999998093e-02
8.625713999999998216e-02
5.167169999999998709e-02
1.925203000000000331e-01
1.612537500000000013e-01
8.246545000000003733e-02
1.381809000000000232e-01
2.064667900000000111e-01
