FramewiseDisplacement
2.891920999999999520e-01
2.967497500000000343e-01
9.690160000000004603e-02
1.228592500000000448e-01
3.489961500000000050e-01
2.368592499999999934e-01
8.087226000000004300e-02
1.093823599999999979e-01
1.962774800000000597e-01
1.948477299999999968e-01
8.492700000000000249e-02
1.030150000000000232e-01
1.918005499999999863e-01
4.823476999999999904e-01
3.969334999999999392e-01
8.230498499999999718e-01
5.488825000000000509e-01
8.810809999999995312e-02
2.217367999999998729e-01
1.116277000000000935e-01
1.322806999999999455e-01
9.469970000000010879e-02
1.405215999999999132e-01
1.127380000000000188e-01
3.093894000000000366e-01
2.264151000000000358e-01
5.660458000000000434e-01
4.689617499999999550e-01
3.146876000000000673e-01
2.753779000000000088e-01
9.917549999999998589e-02
1.961956600000000495e-01
1.898609350000000084e-01
1.787920250000000211e-01
2.691880000000000384e-01
1.551719000000000015e-01
1.737814499999999762e-01
1.528007000000000115e-01
4.763889999999996322e-02
6.706384999999998042e-02
7.325995999999998509e-02
1.389673899999999962e-01
2.696367500000000361e-01
2.914249000000000422e-01
3.372089000000000336e-01
2.225380999999999609e-01
2.389937999999999785e-01
1.093899999999999872e-01
1.538083499999999826e-01
1.159060000000000090e-01
2.690674000000000121e-01
2.957563099999999667e-01
1.806286900000000084e-01
4.056334500000000065e-01
2.810725400000000374e-01
3.311806899999999443e-01
1.358213000000000337e-01
6.461139000000000188e-01
4.163765500000000119e-01
2.407024500000000400e-01
1.799037499999999734e-01
1.449455999999999523e-01
7.341759999999999953e-02
1.317398999999999931e-01
1.690222500000000128e-01
2.190917500000000018e-01
2.204178500000000263e-01
1.200340000000000018e-01
1.956506000000000356e-01
1.241256000000000026e-01
1.639062499999999478e-01
1.150491799999999953e+00
1.130626249999999944e+00
7.282900499999999111e-01
5.447899499999999673e-01
5.537796000000000385e-01
9.956295800000001250e-01
3.163678299999999055e-01
2.149114000000000024e-01
8.649484999999998425e-02
9.604184999999998418e-02
6.839730000000000809e-02
1.080188000000000120e-01
1.403700299999999790e-01
1.903842799999999613e-01
1.147356999999999821e-01
1.099309100000000344e-01
1.114612050000000076e-01
2.184871999999999925e-01
1.587560849999999912e-01
5.786504999999999566e-01
2.257722900000000421e-01
1.113486199999999954e-01
6.566413700000000020e-01
4.584936301500001088e-01
1.827242341499999978e-01
9.022563749999999716e-02
1.947293124999999736e-01
2.119738650000000113e-01
2.409203249999999907e-01
1.874627050000000072e-01
1.121896800000000138e-01
1.091782300000000011e-01
5.808308499999998986e-01
5.873762399999999939e-01
2.581664399999999970e-01
7.055435000000001566e-02
2.315003000000000477e-01
5.919151999999999747e-01
3.714002999999999610e-01
2.131810500000000108e-01
2.002895999999999843e-01
2.775081000000000353e-01
2.612159500000000301e-01
2.658782000000000645e-01
2.065458500000000308e-01
1.490097499999999964e-01
4.191880999999999524e-01
2.648278000000000021e-01
2.757813599999999754e-01
2.173525600000000002e-01
1.229177750000000208e-01
1.129596000000000072e-01
1.361619749999999629e-01
2.368188399999999749e-01
4.241139500000000451e-02
1.347330919999999710e-01
1.078849830000000176e-01
2.975688599999999351e-01
1.237463000000000174e-01
3.516813999999999218e-01
4.049579499999999554e-01
7.833921500000000648e-01
2.127998569949999808e-01
1.234788569949999415e-01
1.302987399999999962e-01
8.862705999999992423e-02
8.593849999999995937e-02
1.219248499999999596e-01
5.400295999999999569e-02
1.542204399999999864e-01
2.520509999999999695e-01
1.930962000000000789e-01
2.802976500000000648e-01
1.784275500000001013e-01
6.540842999999998963e-02
1.153018300000000079e-01
3.359859000000000040e-01
1.159472999999999893e-01
2.063548999999999800e-01
1.879831999999999614e-01
5.750474999999998643e-02
6.779075000000001072e-02
9.431834999999999525e-02
7.306630000000004233e-02
1.293564499999999839e-01
1.425901450000000015e-01
1.111017100000000063e-01
1.017153450000000126e-01
1.736384999999999457e-01
2.283522500000000344e-01
1.883080500000000324e-01
2.179264999999999397e-01
1.710643000000000025e-01
2.828083000000000125e-01
2.719581500000000096e-01
1.955991999999999731e-01
1.422517500000000101e-01
1.651475000000000581e-01
7.560844999999997984e-02
8.957074999999994902e-02
1.334311000000000524e-01
7.784459999999999991e-02
5.956104999999999733e-02
1.163759150000000520e-01
9.049824499999993554e-02
1.278770899999999711e-01
2.241243799999999564e-01
1.023619699999999688e-01
7.865984999999998950e-02
6.876459999999996742e-02
6.141785000000000994e-02
9.569380999999999027e-02
9.651978999999998032e-02
2.137930000000000108e-01
2.691959949999999657e-01
1.257727549999999861e-01
1.654761000000000148e-01
2.479429300000000502e+00
1.678410999999999875e+00
