FramewiseDisplacement
1.037927900000000236e-01
1.032111499999999599e-01
6.179454999999999670e-02
1.073261000000000631e-01
4.863462499999994526e-02
8.500297500000000839e-02
8.056705000000000116e-02
1.113141500000000145e-01
1.212403750000000530e-01
5.920632000000002060e-02
6.156272499999997094e-02
7.960982500000002293e-02
8.487726499999993790e-02
6.384512000000007459e-02
8.210723500000001451e-02
5.792290500000004533e-02
9.456384999999999097e-02
5.171944000000006092e-02
5.853813999999998852e-02
4.316279999999998035e-02
2.655865000000004819e-02
4.950284000000001322e-02
1.016013900000000275e-01
8.577185000000002446e-02
7.411584999999999701e-02
1.202975599999999562e-01
3.396999999999998632e-02
8.250770000000001714e-02
7.739859999999999796e-02
5.226335000000001396e-02
5.251204999999999762e-02
7.061190000000000522e-02
1.430719600000000258e-01
6.261729999999997298e-02
3.372930000000003842e-02
4.309254999999998642e-02
8.480205000000000382e-02
1.011841999999999880e-01
7.443115000000001535e-02
6.985100000000001030e-02
9.267845000000000943e-02
1.192053399999999236e-01
5.523779999999996193e-02
4.028785000000003474e-02
1.038468000000000308e-01
4.969964999999996330e-02
8.213280000000008907e-02
7.350194999999995482e-02
7.883005000000005424e-02
4.531129999999999186e-02
5.931974999999999748e-02
8.927395000000001857e-02
1.322425499999999587e-01
5.420205000000000856e-02
8.786585000000005086e-02
1.337020000000000153e-01
5.223030000000006279e-02
9.259210000000003826e-02
1.341404000000000207e-01
6.909502499999999048e-02
1.389000900000000038e-01
1.979266150000000002e-01
1.588115999999999972e-01
8.726210499999999259e-02
3.324612999999995711e-02
5.152562499999997769e-02
4.760779999999999873e-02
7.114689999999999903e-02
6.439240000000000241e-02
8.489385000000000681e-02
1.063100000000000156e-01
1.002422999999999925e-01
6.659758500000001469e-02
1.303203399999999790e-01
8.542019499999999044e-02
1.080578500000000386e-01
7.110083500000004275e-02
7.386318499999994236e-02
7.217248499999996680e-02
1.293817899999999965e-01
1.582668049999999826e-01
1.005000699999999969e-01
1.139989300000000122e-01
9.550920000000003018e-02
6.647140000000001381e-02
3.635375000000000412e-02
1.250726999999999811e-01
7.716865000000001917e-02
8.303979999999998307e-02
9.960829999999998297e-02
8.623314999999999453e-02
1.144173999999999886e-01
9.079929999999998558e-02
9.891504999999999048e-02
7.052951999999999833e-02
5.337942000000000381e-02
2.492194999999998786e-02
1.249441469999999915e-01
5.183563699999999691e-02
6.505176000000000014e-02
7.049215000000000342e-02
7.428201000000000942e-02
7.591285999999999867e-02
9.250403340000000474e-02
5.455509599999999737e-02
1.420720030899999820e-01
1.444423286900000103e-01
1.102579600000000021e-01
9.877266500000002336e-02
1.360690149999999599e-01
1.496770870000000420e-01
8.223806700000002579e-02
5.369634000000002988e-02
5.869214000000000375e-02
3.724585750000000001e-02
7.376745750000000823e-02
6.771846999999997507e-02
5.299092999999997083e-02
5.586605500000001168e-02
9.920638500000000803e-02
3.072916200000000431e-02
7.701388800000000256e-02
1.640880750000000277e-01
1.509610694100000094e-01
1.184630355899999876e-01
8.434510000000002006e-02
1.472967000000000026e-01
7.779650000000001842e-02
1.004951499999999498e-01
6.905910000000002602e-02
1.331729500000000121e-01
2.176212999999999620e-01
1.919381000000000004e-01
1.893617999999999690e-01
1.370689749999999818e-01
1.518970729999999381e-01
1.089348520000000958e-01
1.073572500000000707e-01
9.581194999999993744e-02
7.372735000000009420e-02
6.436944999999996697e-02
8.180504999999997640e-02
1.125302500000000400e-01
4.323894999999996352e-02
7.469765000000007371e-02
1.482587000000000488e-01
1.716591499999999271e-01
1.495921999999999530e-01
7.919190000000002339e-02
4.254954999999997073e-02
9.170966499999996802e-02
1.700884849999999560e-01
1.686751700000000131e-01
1.195757000000000486e-01
1.154501000000000416e-01
1.674537499999999013e-01
1.356039500000000009e-01
8.445944999999993597e-02
5.516120000000007684e-02
5.583730000000000637e-02
2.040433999999999026e-01
1.569333000000000533e-01
7.282638999999996310e-02
9.006736000000012399e-02
9.241689499999990176e-02
1.065287249999999492e-01
9.375535499999999856e-02
8.143407499999988364e-02
1.341521000000000519e-01
1.026351499999999944e-01
2.572482999999998743e-01
1.817292000000000074e-01
1.026437500000000613e-01
6.754519999999993030e-02
7.055489999999987882e-02
1.043279999999999763e-01
6.207830000000004456e-02
3.912845000000005763e-02
9.047185000000007582e-02
1.050248000000000015e-01
6.062229999999995539e-02
6.937290000000004286e-02
5.429019999999996904e-02
1.052157999999999705e-01
7.388110000000000510e-02
1.163459000000000576e-01
1.547210999999999448e-01
1.223093000000000236e-01
1.442756499999999220e-01
1.691245199999999449e-01
7.009767000000001469e-02
1.210734999999999728e-01
6.690919999999998813e-02
6.031636000000002718e-02
4.514746000000002119e-02
1.080010400000000481e-01
4.615374000000006804e-02
8.892551999999996626e-02
6.991048999999992242e-02
1.092511299999999463e-01
9.364889200000001135e-02
1.802260920000000877e-01
1.229528999999999761e-01
1.063670000000000865e-01
7.001799999999992752e-02
1.852348799999999629e-01
1.216387800000000297e-01
7.659366299999999239e-02
