FramewiseDisplacement
1.322305000000000286e-01
1.036694999999997896e-01
9.786849999999999716e-02
2.246974999999999667e-01
2.685534999999997230e-01
1.339275000000002547e-01
1.187064999999997567e-01
6.596849999999968017e-02
8.870400000000006058e-02
8.945749999999993984e-02
5.777449999999986763e-02
7.049350000000006999e-02
1.338784999999997616e-01
4.211925000000002473e-01
1.348033000000000037e+00
2.451033250000000052e+00
2.242085250000000141e+00
4.467521999999999882e-01
7.666685500000001152e-01
9.280038499999999635e-01
1.436714500000000061e-01
7.698235000000007433e-02
9.057710000000006312e-02
1.639697999999999711e-01
1.060945000000000499e-01
2.592970000000000691e-02
3.817259999999999404e-02
1.174138000000000265e-01
1.093967999999999746e-01
2.449760999999999744e-01
1.071187500000000403e-01
1.425986499999999935e-01
2.808764999999999734e-01
3.605049000000000170e-01
6.495803500000000286e-01
8.282375000000000154e-02
3.154336500000000099e-01
1.870666499999999455e-01
2.611956500000000014e-01
9.677999999999996328e-02
7.039104999999998280e-02
1.130313999999999902e-01
1.069472000000000061e-01
7.960440000000000571e-02
1.244189000000000267e-01
1.228693999999999342e-01
1.178462999999999872e-01
6.387670000000003623e-02
1.241200999999999277e-01
1.455328999999999928e-01
3.249612000000000056e-01
1.040896999999999933e-01
2.549095000000000666e-01
1.828301500000001079e-01
2.085058600000000151e-01
1.601124100000000106e-01
2.118556999999999801e-01
1.002517999999999604e-01
1.587182999999999788e-01
1.045891999999999933e-01
1.402708000000000010e-01
8.330219999999999292e-02
5.393269999999998621e-02
9.642830000000005009e-02
5.613520000000002397e-02
1.044863000000000181e-01
1.055324499999999444e-01
3.754315000000005287e-02
1.536539699999999731e-01
5.377515000000001461e-02
4.828288999999999498e-01
2.830264600000000352e-01
2.881670930000000963e-01
4.581043379999998888e-01
1.819328450000000097e-01
1.739580400000000082e-01
1.067947499999999661e-01
6.725243000000001581e-02
7.656114999999999449e-02
4.943023350000001759e-02
5.830804650000000200e-02
1.035621949999999819e-01
1.202436050000000034e-01
7.785531500000000826e-02
6.973796499999999898e-02
2.970023999999998540e-02
4.842578999999998246e-02
4.487701000000000884e-02
3.621146000000000781e-02
4.652089400000000152e-01
4.105042899999999384e-01
2.051136299999999912e-01
2.641348599999999713e-01
4.499435100000000465e-01
1.997564599999999690e-01
1.543997299999999850e-01
1.341449349999999929e-01
8.042490500000000486e-02
1.044819099999999973e-01
9.480670000000000763e-02
1.015649369999999940e-01
1.183810129999999933e-01
9.971123499999998141e-02
5.896976000000000995e-02
1.092429699999999948e-01
1.602903880000000059e-01
2.183721730000000028e-01
3.375084300000000814e-01
3.129913400000000068e-01
1.314640089999999928e-01
2.215272889999999606e-01
3.094708600000000143e-01
7.787863000000000424e-02
1.565548914999999597e-01
4.370304849999999408e-02
7.341051999999996525e-02
1.096500249999999843e-01
4.434524500000001229e-02
9.653896000000000699e-02
5.075835500000000500e-02
1.080386850000000093e-01
5.084687999999999708e-02
9.653006500000002599e-02
9.113262499999999489e-02
1.218752199999999786e-01
8.774793499999999913e-02
7.343304949999998055e-01
4.365708300000000208e-01
2.453150199999999947e-01
4.778805799999999993e-01
3.100970999999999589e-01
1.201668000000000042e-01
1.510295799999999966e-01
5.326311000000000240e-02
9.690169000000001254e-02
6.942800000000001748e-02
8.631914999999999727e-02
8.503182000000000795e-02
3.262684000000000417e-02
7.687370000000003090e-02
6.326270999999999978e-02
7.481349999999997724e-02
6.974289999999999656e-02
1.283292000000000044e-01
8.917769999999998476e-02
2.623563999999999896e-01
4.119525000000001658e-02
1.014585499999999946e-01
2.970194000000000445e-01
9.328579999999998817e-02
5.630758300000000827e-02
6.005491699999998545e-02
1.118368999999999891e-01
1.186711000000000016e-01
8.028250000000000663e-02
9.285700000000000898e-02
7.048080000000001011e-02
4.593059999999997423e-02
8.191679600000000006e-02
2.024425399999999972e-02
6.566645000000001509e-02
1.070512999999999881e-01
1.440288000000000124e-01
3.390151000000000137e-01
3.472936079999999759e-01
1.263994680000000426e-01
2.419456400000000174e-01
2.688785000000000203e-01
7.905605000000001659e-02
6.373700000000000199e-02
8.496614999999999029e-02
4.427150000000001917e-02
5.889909999999999590e-02
1.045377999999999863e-01
9.678659999999998653e-02
1.161791000000000074e-01
9.611234999999999917e-02
8.052525000000000654e-02
1.107181000000000276e-01
1.048079400000000161e-01
2.023629000000000400e-02
1.741931000000000174e-01
4.671352500000000019e-01
1.685273000000000188e-01
2.603005700000000089e-01
3.058118699999999857e-01
1.323955499999999452e-01
3.274111399999999339e-01
2.558339299999999317e-01
1.469805900000000498e-01
7.924057999999999102e-02
7.310636000000000911e-02
8.260548000000002278e-02
1.738342999999999694e-01
4.473375000000000962e-02
1.118805399999999867e-01
2.786148999999998183e-02
1.410412299999999619e-01
1.730226399999999498e-01
1.174728400000000367e-01
1.095664000000000082e-01
8.514917000000000735e-01
3.292130699999999965e-01
2.592573799999999817e-01
4.495573000000000485e-01
1.664691500000000102e-01
1.847151000000000209e-01
1.546163000000000398e-01
