FramewiseDisplacement
1.689835000000000087e-01
2.901789999999999647e-01
4.909083399999999431e-01
1.834501399999999560e-01
7.740639999999993082e-02
5.980939999999998480e-02
6.692629999999996637e-02
5.919050000000002087e-02
4.825320000000007936e-02
5.495460000000002010e-02
1.093093700000000723e-01
2.653337000000004914e-02
5.819779999999998010e-02
1.084104000000000040e-01
1.869215000000000459e-01
1.846258000000000066e-01
1.286492000000000746e-01
6.926856999999998488e-01
8.132805999999999091e-01
4.432901549999999524e+00
7.723110500000001100e-01
6.429288999999998033e-01
2.480653999999999360e-01
2.937548000000000381e-01
2.852861000000000424e-01
2.729966999999999810e-01
1.374287000000000425e-01
1.021747999999999684e-01
1.185285000000000227e-01
2.231410569999999760e-01
2.755999570000000065e-01
2.077948999999999491e-01
2.299859200000000103e-01
1.341657199999999883e-01
1.564687500000000175e-01
2.584992500000000137e-01
4.286352000000000495e-01
7.798087000000000768e-02
1.078992430000000002e+00
4.727559949999999844e-01
2.442377050000000271e-01
1.811772000000000382e-01
3.456192000000000153e-01
8.217460000000001430e-02
1.014374000000000109e-01
1.429739299999999991e-01
1.903069099999999958e-01
9.046441999999997596e-02
1.086395500000000153e-01
9.487955000000000694e-02
8.579124999999999945e-02
7.259070000000000800e-02
1.524845549999999939e-01
2.047232450000000259e-01
2.641034999999999910e-01
3.707395299999999838e-01
1.913737700000000264e-01
1.616826000000000096e-01
1.334730000000000083e-01
1.185642000000000224e-01
1.154203999999999647e-01
1.486727000000000187e-01
4.853299999999999281e-02
4.714384999999999409e-02
5.996750000000002079e-02
1.593190499999999898e-01
1.802892499999999565e-01
1.117545500000000358e-01
1.403042799999999479e-01
1.584890700000000374e-01
1.428291080000000379e-01
8.206720799999997484e-02
1.132368000000000124e-01
9.872643999999997089e-02
3.604215599999998632e-01
1.620434000000001151e-01
6.539910000000011270e-02
9.611005000000008569e-02
6.203484999999996086e-02
7.262900999999982732e-02
7.310135999999992085e-02
9.525297000000007563e-02
5.108790999999993088e-02
7.678706999999998506e-02
1.003280599999999967e-01
1.594176200000000376e-01
5.157404999999994077e-02
8.392495000000003980e-02
5.390180000000007604e-02
1.671957000000000859e-01
1.557655000000000844e-01
1.050404500000000768e-01
3.151795499999999195e-01
2.724398800000000231e-01
3.045165599999999362e-01
3.142940599999999862e-01
2.816570100000000410e-01
2.697537600000000424e+00
4.926243399999999939e-01
2.096476500000000187e-01
8.857046000000000363e-02
1.772248129999999811e-01
2.004263116999999983e-01
7.338493029999999806e-02
1.077095199999999892e-01
1.841910550000000202e-01
9.438026000000000748e-02
1.170200600000000091e-01
5.967923000000000672e-02
8.125548999999999966e-02
9.004425000000000623e-02
1.497701299999999736e-01
3.745024900000000212e-01
2.400740399999999330e-01
1.046209000000000028e-01
1.386432499999999957e-01
1.628147699999999976e-01
7.727698999999997598e-02
1.096785150000000458e-01
1.368899250000000234e-01
5.927261000000000335e-02
5.475075000000004244e-02
8.737428999999993784e-02
5.189626000000006206e-02
7.856850000000001333e-02
9.741903999999999841e-02
7.976934999999997500e-02
1.144773100000000127e-01
1.683642600000000156e-01
2.681831000000000076e-01
2.124809500000000573e-01
3.026600500000000138e-01
3.493530499999998873e-01
1.599670199999999876e-01
7.189073000000001379e-02
1.706875499999998824e-01
1.586961400000000966e-01
8.894018999999994679e-02
6.383580399999995436e-02
1.088064559999999820e-01
1.027554799999999963e-01
1.381450599999999862e-01
9.874839000000004696e-02
1.391872078499998833e-01
7.678800784999997853e-02
1.246614900000000831e-01
6.535187000000003410e-02
1.638432449999998597e-01
1.384193649999999332e-01
2.024161200000000882e-01
1.283488100000000076e-01
1.395628000000000701e-01
4.205030000000000573e-02
1.950110499999999636e-01
1.505900599999999423e-01
8.920226209000002571e-02
1.672319725900000553e-01
2.098540495000001671e-01
1.182109099999998914e-01
9.834291000000003335e-02
1.089454210000000145e-01
1.015495210000000037e-01
8.533906999999998910e-02
9.973761999999999905e-02
1.754908999999999775e-01
2.609022500000000022e-01
1.964835999999999250e-01
1.124675999999999176e-01
2.303399499999999878e-01
8.107630000000001780e-02
8.190474999999995676e-02
7.906237999999990440e-02
7.190667999999994509e-02
1.184551499999998425e-01
1.335094499999998907e-01
1.848208000000000906e-01
2.230756499999999865e-01
1.466415500000000649e-01
9.107450000000007206e-02
1.127942499999999709e-01
1.161094499999999335e-01
1.676260000000000527e-01
1.035348099999998800e-01
4.926346099999999173e-01
7.438819999999999322e-01
3.038155000000000161e-01
2.764563999999999355e-01
1.354605999999998756e-01
7.785559999999971947e-02
1.620706000000001756e-01
1.378832999999999032e-01
1.284844000000000541e-01
2.156471000000000360e-01
2.119915000000000549e-01
9.590689999999990611e-02
1.084720000000002488e-01
1.693516000000000465e-01
6.021549999999985248e-02
2.840569999999984982e-02
1.124140999999999058e-01
1.687768680000000021e+00
6.551558700000000846e-01
4.672413499999999442e-01
2.871104999999999907e-01
4.270610000000003847e-02
1.398005999999999971e-01
1.012718000000000090e-01
1.352991999999999806e-01
