FramewiseDisplacement
3.109226000000000489e-01
3.451968999999999732e-01
2.211808499999999289e-01
2.280914000000000552e-01
6.198209999999990116e-02
1.552159000000000177e-01
1.171796999999999284e-01
2.790729000000000126e-01
1.621187499999999504e-01
2.973058000000000090e-01
2.199401549999999983e-01
2.299236049999999754e-01
2.408068999999999904e-01
2.970717499999999678e-01
3.149660305000001048e-01
1.925494194999999575e-01
7.099642999999999926e-01
6.538454500000000502e-01
5.239781000000000022e-01
4.352171399999999468e-01
5.596882100000000193e-01
8.131514900000000878e-01
1.964270399999999694e-01
4.323557800000000229e-01
2.617435799999999757e-01
1.877724100000000007e-01
1.139980099999999830e-01
7.647680000000001144e-02
6.811740000000002238e-02
1.469847499999999973e-01
1.575735699999999961e-01
8.555511999999999839e-02
5.269448199999998694e-01
3.467675800000000197e-01
5.443853000000000719e-01
2.040591999999999961e-01
2.949033000000000349e-01
1.923381999999999592e-01
1.236989000000000005e-01
1.446622999999999937e-01
1.594069700000000089e-01
3.945726600000000195e-01
7.452443099999999099e-01
1.538368699999999922e+00
1.601559500000000247e+00
7.875575000000000214e-01
5.008534999999999515e-01
4.055746000000000073e-01
7.497462799999999872e-01
4.612427750000000493e-01
2.110162749999999476e-01
9.924003000000002073e-02
9.082132650000002139e-02
8.175022350000001048e-02
8.135744999999997007e-02
1.595223999999999809e-01
1.772392800000000268e-01
2.255054400000000292e-01
1.346110799999999941e-01
1.957409900000000036e-01
1.506104699999999963e-01
1.466678090000000101e-01
1.214055589999999962e-01
7.358243000000000422e-02
4.064272250000001974e-02
1.100978025000000221e-01
5.236846499999999738e-01
3.592415999999999388e-01
1.429766499999999829e-01
1.188565999999999928e-01
1.462902000000000369e-01
1.238394500000000037e-01
1.418388499999999885e-01
1.385308500000000109e-01
1.095839250000000126e-01
8.241781500000000538e-02
1.126558799999999999e-01
1.508686800000000050e-01
2.166536900000000099e-01
1.011192799999999919e-01
1.382480100000000045e-01
1.498344899999999869e-01
1.469638300000000175e-01
2.017385499999999887e-01
1.020688500000000026e-01
1.099527000000000004e-01
1.091946500000000181e-01
2.292281000000000180e-01
3.964890000000000359e-01
2.644773899999999789e-01
3.236400600000000072e-01
2.122149100000000066e-01
1.133377699999999766e-01
6.850468500000000960e-02
2.189374980000000359e-01
2.892691330000000116e-01
1.140503899999999737e-01
1.248012959999999921e-01
1.620079540000000096e-01
7.889656000000001834e-02
8.632919000000000009e-02
2.541624499999999842e-01
1.490606000000000431e-01
3.113447500000000590e-01
1.750142499999999823e-01
3.336157800000000284e-01
6.293679479999999549e-01
4.430930819999999160e-01
4.046203299999999725e-01
4.028417450000000288e-01
2.372173750000000081e-01
2.192862000000000144e-01
2.531294999999999518e-01
1.429219500000000476e-01
1.605646499999999754e-01
1.854667544999999973e-01
1.070240954999999855e-01
7.268634999999999680e-02
1.584533499999999651e-01
7.531539999999999069e-02
5.758166999999998759e-02
7.818367000000001066e-02
3.524934999999997792e-02
1.022603399999999774e-01
4.899831099999999995e-01
4.653122499999999828e-01
3.988192999999999322e-01
1.687706999999999957e-01
2.233487000000000111e-01
7.063669999999996896e-02
5.145514999999994954e-02
1.134528999999999954e-01
5.551639999999999353e-02
4.896525000000009203e-02
1.092259500000000161e-01
2.787148000000000403e-01
1.722392999999999563e-01
3.385770600000000408e-01
2.551250099999999854e-01
2.685693859999999100e-01
1.898401139999999487e-01
2.944575999999999860e-01
2.150392100000000362e-01
1.777222969999998903e-01
2.280534029999999879e-01
2.953764640000000608e-01
7.399439999999993245e-02
1.461891999999999636e-01
2.174803999999999071e-01
3.985682999999999310e-01
5.731629800000002106e-01
6.157706199999999352e-01
3.435351999999999295e-01
2.251731000000001259e-01
6.226965999999998225e-01
4.900226000000001414e-01
1.470271999999997747e-01
2.721121000000001344e-01
3.512912000000001922e-01
1.753825999999998886e-01
1.334663000000000377e-01
8.167252999999997654e-01
6.589116000000001527e-01
4.185793999999999904e-01
4.808948800000000245e-01
5.330072799999999722e-01
3.535637999999997616e-01
3.430980000000000696e-01
1.705622000000001359e-01
3.126169000000001419e-01
2.855849000000000859e-01
5.184664999999999413e-01
3.514170000000002014e-01
2.265735000000000665e-01
2.368444999999998468e-01
2.137315000000003795e-01
6.825759000000003462e-01
2.660714000000000135e-01
1.299645000000002326e-01
2.262643999999997269e-01
2.964283999999997588e-01
2.957459999999999534e-01
3.184750000000001746e-01
2.473615000000001507e-01
2.107095000000000773e-01
1.383425000000000626e-01
3.382603000000000693e-01
2.357617999999998548e-01
2.312789999999997348e-01
2.977424999999999100e-01
