FramewiseDisplacement
1.065915169999999967e-01
1.961596260000000522e-02
5.435941440000000013e-02
6.648321819999997162e-02
9.313969319999997054e-02
6.159062500000000301e-02
1.282535499999999939e-01
6.431480999999998616e-02
3.703859500000000055e-02
5.731099499999999652e-02
3.078850000000000336e-02
7.070509999999999295e-02
3.461617000000000166e-02
1.027891699999999853e-01
7.829527499999998363e-02
5.106132500000002544e-02
1.018740500000000077e-01
5.219853999999998773e-02
4.391953999999998609e-02
6.998790000000000566e-02
1.263114999999999932e-01
1.272291000000000116e-01
1.610578000000000287e-01
8.315010000000000456e-02
4.565447000000000255e-02
9.342473000000001138e-02
1.384060000000000012e-01
2.827135999999998844e-02
2.958424000000000817e-02
4.438725999999999783e-02
6.774745999999999546e-02
6.071819999999999995e-02
5.394959999999999339e-02
4.211255000000000553e-02
3.081799999999999470e-02
4.990429999999999172e-02
6.317649999999999655e-02
8.696315000000000295e-02
6.698840000000001738e-02
9.449570000000001579e-02
4.685404999999999431e-02
7.264659999999999174e-02
5.318040000000000267e-02
5.042190000000000560e-02
7.622089499999999684e-02
4.808980000000000199e-02
9.384999999999990572e-03
3.396710000000000007e-02
8.681204999999998784e-02
9.054195500000000729e-02
7.673747000000000207e-02
9.077451999999999743e-02
7.195593000000000128e-02
9.028933000000000098e-02
4.518974999999998687e-02
5.438540000000000041e-02
1.264933599999999991e-01
1.176061325000000019e-01
9.379230749999999117e-02
8.262071499999998347e-02
6.444692999999999949e-02
1.252828199999999892e-01
5.959951000000000138e-02
9.447177650000002092e-02
7.097574149999999471e-02
4.829271500000000689e-02
2.643297999999999481e-02
8.978841000000001293e-02
8.747031999999999030e-02
6.948298299999999816e-02
4.561772576999999218e-02
5.118201723000000147e-02
4.898921500000000262e-02
4.444994999999999502e-02
7.132632500000000986e-02
8.531508999999999621e-02
9.839451499999998796e-02
4.061829499999999871e-02
5.363712000000000341e-02
1.113164049999999933e-01
7.719439499999999899e-02
5.818459999999999605e-02
8.278739999999999710e-02
9.604851500000001485e-02
1.707935499999999884e-01
8.070974499999999940e-02
4.726826999999999418e-02
4.920593500000000620e-02
5.660185499999999259e-02
8.595477999999999452e-02
1.453936899999999921e-01
3.386400999999999994e-02
1.192711000000000049e-01
8.023874999999999758e-02
3.947754500000000277e-02
2.020096500000000128e-02
6.817500999999999423e-02
1.097068799999999789e-01
1.312531599999999798e-01
4.277682000000000012e-02
8.476719000000000614e-02
6.675565999999999445e-02
3.099474500000000063e-02
5.288590900000000178e-02
6.188813499999999690e-02
7.249666100000000390e-02
9.655568000000000484e-02
6.475669000000001951e-02
7.211830999999999103e-02
6.204234000000000138e-02
3.993784999999999696e-02
1.426192799999999872e-01
6.393877000000000588e-02
6.977924319999999347e-02
5.949532679999999796e-02
6.446277790000000396e-02
9.967835210000000612e-02
6.434567999999998844e-02
3.517981800000000853e-02
1.178406179999999942e-01
8.085478000000000109e-02
4.926128000000000451e-02
5.631759999999999544e-02
1.128607600000000044e-01
6.792817900000000519e-02
9.706934899999999922e-02
9.212132499999999002e-02
4.143996499999999528e-02
6.275788000000000200e-02
3.619502000000000830e-02
5.686862999999998947e-02
4.543310999999999877e-02
3.263180999999999027e-02
4.862968999999999625e-02
6.760125000000000162e-02
5.055187499999998918e-02
6.722263499999998893e-02
3.677081000000000793e-02
8.643049000000002646e-02
8.382198999999999900e-02
9.813141000000000225e-02
6.445705000000002960e-02
5.418513000000000496e-02
1.091262900000000008e-01
9.342611000000000665e-02
4.505982999999998823e-02
6.951983799999998659e-02
5.277332199999999751e-02
1.271970500000000059e-01
9.041720000000000312e-02
1.659275300000000175e-01
1.558786300000000180e-01
1.277450899999999778e-01
1.342085399999999873e-01
1.095562499999999939e-01
9.154465000000000519e-02
4.260659999999999448e-02
8.873189999999998856e-02
1.540041900000000130e-01
9.306405000000003702e-02
8.254715999999998055e-02
9.176617999999998887e-02
5.772373000000000087e-02
8.656674300000002931e-02
8.856820300000001200e-02
1.116677799999999943e-01
5.897961999999998262e-02
1.865146900000000385e-01
1.563155700000000425e-01
7.645938000000002122e-02
1.462831699999999624e-01
1.232485999999999859e-01
6.269969000000000237e-02
3.798062000000002048e-02
6.666091000000001765e-02
9.858466999999999925e-02
1.078275199999999961e-01
4.595718999999998805e-02
9.267266999999998478e-02
9.655639999999997281e-02
9.801801000000000264e-02
7.424240999999999480e-02
6.825595000000000967e-02
8.782785000000001285e-02
1.707268500000000133e-01
7.957889999999998021e-02
1.140944200000000019e-01
8.336174999999998447e-02
5.181804999999999745e-02
6.414630000000000332e-02
