FramewiseDisplacement
2.960818900000000142e-01
1.890376999999998087e-01
3.419579999999998732e-01
4.591493999999999298e-01
9.733060000000016976e-02
4.667349000000001191e-01
3.871630999999999823e-01
7.452880000000008942e-02
2.936806000000000139e-01
1.454121999999999360e-01
1.991679999999999562e-01
3.568814000000000153e-01
3.669957999999999276e-01
4.449057000000000706e-01
6.861374999999999558e-01
4.607867999999999964e-01
5.170441000000000065e-01
1.393682799999999888e+00
2.806474999999999942e-01
5.106030000000001401e-01
5.481980000000000741e-01
6.476774999999999061e-01
4.701655999999999613e-01
2.323301000000000671e-01
4.421814999999998941e-01
3.340059999999999696e-01
3.047314999999998775e-01
1.612105000000000343e-01
1.474695000000000311e-01
2.500995999999999220e-01
3.795903000000001026e-01
3.318369999999999931e-01
2.487382999999999678e-01
3.050180000000000113e-01
8.121010000000002116e-02
2.766422000000000048e-01
4.056944000000000661e-01
5.607753999999999239e-01
3.562667000000001027e-01
2.635994500000000684e-01
4.575878500000000737e-01
3.352166500000000049e-01
3.420541000000000831e-01
3.012544499999999514e-01
3.587029999999999941e-01
3.098834999999999784e-01
4.684850000000005676e-02
2.033714999999999828e-01
2.424480000000000246e-01
3.102951000000000459e-01
3.062526000000000415e-01
3.035908999999999969e-01
1.291163999999999923e-01
2.230935000000000001e-01
4.007609999999999784e-01
3.455615499999999951e-01
4.841586000000000500e-01
4.040326700000000382e-01
3.835078299999999940e-01
2.062634499999999593e-01
5.139635000000002812e-02
2.003307000000000004e-01
4.393443500000000501e-01
3.814132000000000078e-01
2.206704000000000165e-01
1.736022499999999857e-01
9.938410000000000299e-02
2.227914499999999742e-01
2.103448850000000370e-01
2.683786150000000426e-01
2.410879999999999967e-01
1.800673999999999608e-01
2.508135999999999699e-01
1.254300999999999888e-01
2.283163500000000290e-01
1.270946000000000020e-01
2.653400499999999940e-01
2.973963499999999760e-01
2.112648000000000026e-01
1.554753500000000122e-01
1.201489499999999905e-01
1.443532199999999766e-01
4.148253699999999711e-01
3.328622999999999998e-01
6.871649999999999980e-02
1.426763000000000059e-01
2.639792499999999986e-01
3.717327999999999744e-01
2.941885600000000434e-01
1.212994399999999806e-01
3.413194999999999979e-01
3.174564450000000315e-01
3.568530950000000090e-01
3.352521500000000820e-01
3.604038650000000454e-01
4.241819050000000257e-01
6.257493000000000083e-02
4.554422799999999771e-01
4.647992700000000421e-01
3.358055199999999685e-01
1.606539499999999621e-01
2.121446300000000285e-01
2.725162100000000365e-01
3.999862260000000003e-01
1.931647509999999957e-01
2.359272599999999998e-01
3.084952449999999735e-01
2.436128699999999814e-01
3.596991899999999465e-01
3.694726799999999423e-01
1.751114349999999820e-01
1.792557750000000061e-01
1.086351800000000395e-01
1.246529900000000191e-01
3.614175349999999565e-01
2.590469750000000126e-01
1.345812499999999579e-01
1.982037499999999841e-01
3.507543050000000440e-01
3.134933650000000238e-01
1.813238399999999861e-01
3.379976299999999934e-01
2.972779499999999575e-01
1.718933500000000281e-01
1.742751999999999912e-01
2.540949599999999808e-01
2.982739699999999439e-01
3.136602249999999592e-01
4.095256149999999540e-01
9.028865000000001195e-02
1.334957999999999978e-01
5.470425705000000471e-01
3.692875205000000216e-01
2.330103199999999652e-01
1.523624450000000130e-01
1.003540149999999909e-01
1.613620100000000002e-01
2.803376299999999488e-01
3.457131500000000246e-01
3.014096935000000199e-01
1.729361435000000280e-01
1.583826935000000047e-01
2.168439500000000075e-01
3.075251434999999867e-01
4.052034000000000469e-01
3.670614949999999599e-01
3.567750450000000129e-01
5.740779999999998801e-02
1.087654000000000121e-01
3.068666649999999829e-01
3.557097849999999450e-01
3.063810000000000144e-01
3.890307499999999807e-01
2.319846000000000408e-01
3.036481500000000056e-01
1.199406000000000083e-01
2.926469499999999613e-01
3.845789500000000860e-01
2.567300499999999874e-01
2.994674500000000239e-01
3.170678200000000002e-01
8.667867000000001321e-02
2.183640000000000025e-01
2.505845000000000433e-01
1.961109500000000061e-01
3.526173199999999563e-01
3.708480299999999952e-01
1.596757000000000315e-01
5.812849999999999268e-02
3.605688499999999408e-01
3.459050000000000180e-01
3.883010000000000073e-01
2.166966499999999907e-01
2.357199000000000377e-01
9.371622000000000285e-02
2.727836949999999372e-01
2.051723249999999610e-01
2.041881349999999928e-01
1.727068149999999580e-01
8.717780000000002749e-02
7.070010000000000183e-02
9.349332500000000212e-02
1.378274750000000048e-01
3.173363500000000448e-01
3.183186700000000258e-01
5.226844500000000782e-01
4.429012800000000083e-01
4.913174999999999626e-01
1.237403499999999712e-01
3.379187249999999754e-01
3.126714750000000320e-01
3.723044450000000394e-01
2.728235450000000006e-01
6.545300000000001117e-02
1.273676200000000147e-01
2.834841699999999798e-01
4.266628900000000169e-01
3.066805750000000108e-01
2.133238949999999579e-01
2.897805900000000046e-01
1.569958249999999500e-01
9.599564499999996281e-02
3.335475499999999704e-01
2.717246799999999407e-01
2.499390000000000223e-01
3.070186444999999931e-01
1.089670000000000361e-01
3.586339054999999609e-01
