FramewiseDisplacement
1.547368999999999828e-01
3.498885999999999941e-01
1.097079399999999622e-01
1.905896599999999663e-01
2.560904000000000513e-01
2.575514000000000414e-01
2.040955000000000408e-01
1.816564999999999708e-01
1.691176000000000068e-01
4.641330000000003231e-02
1.110399000000000386e-01
1.715837000000000057e-01
1.910541000000000045e-01
2.395690999999999793e-01
1.245025000000000576e-01
1.350650000000000461e-01
2.644766100000000009e-01
2.326036099999999607e-01
2.559498500000000343e-01
1.080983499999999542e-01
1.142758499999999705e-01
4.885209999999996083e-02
9.354289999999995664e-02
9.791474999999999485e-02
1.318660000000000110e-01
1.396282899999999605e-01
2.630688400000000260e-01
2.506259799999999704e-01
2.590300700000000012e-01
5.569039999999998714e-02
1.606353499999999823e-01
1.154069500000000220e-01
2.068638500000000158e-01
2.083056499999999811e-01
1.046503500000000170e-01
4.779595000000000371e-02
1.865052909999999897e-01
1.968647910000000389e-01
1.780925500000000161e-01
2.196130500000000318e-01
1.320891500000000440e-01
1.692585000000000062e-01
3.917584999999997042e-02
1.918948500000000335e-01
1.598231599999999919e-01
2.755576299999999978e-01
3.950228500000000365e-01
1.953867599999999927e-01
1.903550999999999993e-01
2.197306599999999943e-01
2.183512800000000087e-01
9.254901000000002875e-02
1.106678800000000240e-01
1.552937149999999988e-01
6.088661499999997728e-02
1.627389219999999803e-01
3.197504780000000046e-01
2.246244309999999855e-01
3.635822159999999581e-01
1.892397650000000042e-01
2.125279999999999947e-01
1.197562549999999920e-01
2.485228749999999487e-01
1.125585950000000252e-01
2.580321349999999958e-01
2.834994500000000417e-01
1.244033300000000480e-01
1.510515300000000172e-01
1.458400499999999711e-01
6.239418999999999382e-01
1.892777450000000250e-01
1.623899149999999958e-01
2.504155299999999973e-01
2.241331100000000243e-01
2.367685000000000206e-01
3.217053299999999560e-01
2.951252699999999951e-01
1.016391160000000016e-01
1.639159160000000226e-01
2.930010229999999716e-01
3.256302680000000005e-01
1.951607409999999987e-01
1.822104999999999975e-01
2.070769399999999871e-01
1.802214900000000120e-01
6.603848999999997749e-02
1.240058899999999936e-01
2.202987999999999891e-01
1.901980319999999891e-01
1.202530620000000078e-01
1.205452449999999953e-01
2.481917550000000139e-01
2.392543600000000270e-01
1.807793100000000264e-01
2.955141210000000185e-01
1.172441709999999804e-01
1.481282550000000142e-01
2.168404189999999787e-01
2.676782440000000096e-01
2.023460150000000179e-01
1.749250549999999960e-01
1.424961050000000118e-01
1.497501000000000249e-01
8.792858000000000618e-02
1.712179150000000261e-01
1.725868399999999914e-01
2.096145900000000173e-01
1.762035899999999933e-01
1.939070050000000212e-01
2.151082599999999956e-01
3.873285899999999726e-01
2.221983650000000088e-01
1.461767000000000205e-01
2.173522500000000246e-01
2.195951549999999863e-01
1.903107350000000364e-01
1.832042600000000077e-01
3.915451800000000482e-01
2.901769399999999943e-01
2.170248300000000019e-01
2.510853349999999651e-01
2.199676150000000052e-01
1.957202499999999845e-01
1.839085299999999867e-01
2.001713499999999979e-01
2.273794400000000160e-01
1.049136400000000025e-01
2.108093899999999854e-01
4.646679900000000307e-01
2.202911599999999748e+00
5.623391999999999280e-01
5.948752999999999957e-01
4.272564000000000362e-01
5.552929999999999255e-01
2.994860999999999773e-01
1.543840999999999963e-01
2.674609000000000014e-01
2.017839000000000160e-01
4.865379999999993460e-02
8.805930000000000701e-02
1.886395999999999906e-01
2.922153000000000111e-01
3.153587999999999392e-01
2.569147999999999987e-01
9.977640000000001508e-02
9.368250000000000188e-02
5.964600000000004620e-02
1.492911000000000099e-01
2.625290000000000123e-01
1.946132999999999891e-01
1.402215000000000544e-01
2.659842000000000040e-01
4.482360500000000525e-01
3.881513499999999506e-01
2.273886499999999977e-01
1.229772000000000087e-01
1.825702699999999790e-01
1.848192700000000077e-01
1.891882800000000142e-01
1.236748800000000009e-01
2.428833499999999979e-01
2.020958499999999658e-01
1.869692899999999824e-01
2.284280399999999711e-01
1.144037000000000248e-01
1.504735000000000100e-01
9.010150000000000103e-02
1.826354000000000033e-01
1.387843500000000563e-01
7.760382999999999865e-02
1.559728200000000398e-01
1.673094999999999999e-01
7.848780000000001034e-02
1.122923000000000254e-01
1.614339000000000190e-01
1.855858500000000522e-01
1.427476199999999917e-01
8.543976999999999822e-02
1.058092499999999936e-01
1.589351000000000236e-01
2.086961200000000127e-01
3.020283300000000670e-01
1.260569499999999732e-01
1.779830000000000023e-01
1.795530999999999655e-01
9.828754999999998743e-02
1.761526999999999121e-01
1.657215399999999728e-01
2.139328400000000407e-01
2.348245300000000868e-01
