FramewiseDisplacement
5.401979696700000277e-02
5.696546696699999329e-02
2.714515000000000677e-02
9.586734999999999007e-02
1.809799149999999912e-01
1.645838449999999786e-01
6.865712999999999677e-02
3.041730000000000128e-02
9.922760999999999387e-02
1.855970600000000359e-01
1.690791999999999851e-01
1.678296500000000246e-01
1.622072799999999815e-01
1.145089399999999896e-01
3.434539000000000342e-02
1.001911999999999942e-01
1.021764000000000283e-01
1.331789560000000150e-01
9.791093400000000502e-02
5.279039000000000648e-02
1.632779689999999950e-01
1.339370189999999905e-01
1.162125499999999978e-01
7.453081999999998375e-02
6.148835000000000411e-02
5.537710000000000549e-02
9.896190800000000121e-02
1.438478020000000246e-01
1.993943999999999994e-01
1.187009399999999909e-01
3.818079999999999391e-02
8.802375999999997869e-02
4.323683000000000387e-02
1.019915300000000108e-01
6.047465000000001173e-02
4.702010648799999359e-02
7.686451351200002113e-02
4.521553999999999851e-02
8.837628999999999624e-02
7.085131999999999541e-02
5.809030999999999917e-02
8.190232000000001455e-02
9.268207000000000528e-02
1.088059150000000030e-01
7.082397500000001123e-02
2.792135000000000797e-02
7.381912999999999669e-02
7.579292999999999447e-02
4.321452999999999406e-02
2.949530999999999334e-02
2.650367500000000431e-02
9.085610499999999257e-02
1.397356800000000010e-01
1.467628900000000070e-01
1.085216600000000059e-01
1.594998400000000316e-01
9.833173999999998693e-02
3.697203999999999768e-02
7.915050499999999600e-02
6.388585499999999140e-02
8.316806499999999935e-02
9.867047499999999360e-02
3.612097700000000550e-02
8.253772800000000465e-02
1.068290050000000047e-01
6.826648400000000227e-02
6.184101900000000401e-02
5.259907499999999514e-02
2.826726000000000238e-02
3.897799500000000833e-02
6.520708499999999797e-02
9.696068499999999091e-02
8.756069499999998007e-02
4.925663500000000694e-02
6.013150499999998788e-02
6.794764600000000043e-02
5.663324000000000136e-02
6.397317350000000791e-02
6.506885949999997865e-02
5.385831300000000488e-02
9.318602300000000671e-02
3.631014000000000463e-02
5.418616999999999878e-02
6.051712600000000442e-02
4.764878599999999853e-02
6.188185500000000644e-02
8.918675500000000644e-02
4.318789499999999698e-02
1.173786949999999912e-01
1.614552690000000124e-01
8.410697400000000101e-02
5.818048600000000348e-02
3.753956799999999538e-02
6.114005799999999713e-02
8.310093699999998584e-02
3.171653700000000298e-02
4.665872000000000075e-02
2.996834500000000040e-02
2.246530149999999629e-02
1.404288584999999756e-01
1.269135990000000158e-01
3.074375400000000508e-02
3.134610999999999648e-02
5.470672000000000035e-02
1.143299600000000221e-01
1.061714289999999977e-01
1.146747839999999879e-01
1.390395400000000170e-01
3.179284999999999750e-02
3.159900600000000587e-02
1.168291760000000068e-01
6.609429999999999472e-02
1.238174790000000081e-01
7.934294099999998628e-02
5.366304099999999466e-02
8.827710000000001112e-02
7.373181500000000610e-02
7.921568300000000895e-02
3.717501800000000411e-02
8.432139000000000995e-02
3.397967999999999822e-02
2.641817999999999250e-02
6.238368500000000122e-02
1.154312850000000085e-01
1.043204149999999997e-01
7.788576499999999569e-02
7.820634500000001044e-02
1.432583649999999986e-01
4.530175500000000605e-02
1.509173450000000083e-01
8.696426499999998505e-02
2.504641000000000159e-02
7.024231499999999961e-02
4.403690999999999856e-02
2.519029000000000407e-02
5.441558999999999285e-02
2.747140000000000692e-02
5.625115999999999450e-02
9.566320000000000379e-02
4.903712499999998697e-02
5.162402499999997618e-02
3.630175000000000762e-02
4.099794999999999134e-02
8.896284999999999610e-02
4.983345500000000566e-02
4.141035499999999592e-02
3.316880000000001216e-02
6.537864999999999649e-02
1.067205499999999835e-01
6.121729999999998839e-02
1.127751300000000012e-01
4.909713000000000271e-02
5.159160000000000135e-02
6.918805000000000094e-02
4.570489999999999969e-02
6.209319999999999423e-02
2.936420000000000002e-02
4.594915000000000110e-02
5.903409999999999908e-02
4.423099999999999254e-02
5.076500000000001150e-02
1.200015999999999999e-01
7.100515000000000299e-02
2.136365000000000139e-02
4.460062000000001442e-02
7.460132000000001262e-02
1.317162399999999844e-01
6.262827999999998063e-02
1.256550200000000062e-01
6.736504999999999577e-02
4.616905000000000314e-02
5.990470000000000517e-02
8.789510000000000378e-02
4.566873999999999933e-02
4.264719000000001536e-02
1.165128000000000136e-01
4.745789999999999731e-02
5.548109999999998460e-02
4.454919999999999713e-02
3.762000000000000066e-02
5.661640000000000422e-02
5.417149999999999743e-02
2.877820000000001766e-02
3.465039999999998399e-02
4.057314999999998839e-02
4.622505000000001751e-02
9.703810000000001601e-02
1.069029500000000105e-01
7.672370000000000578e-02
5.774359999999999910e-02
