FramewiseDisplacement
1.994132499999999864e-01
3.500615000000001364e-02
4.136994999999998868e-02
1.464175499999999519e-01
1.253516499999999811e-01
5.762994000000001837e-02
8.848518999999999135e-02
2.991196500000000147e-01
1.963102000000000180e-01
1.370238500000000026e-01
1.616341500000000042e-01
1.446157499999999874e-01
8.409624999999999739e-02
1.284884000000000026e-01
1.469938500000000092e-01
8.075975499999998863e-02
1.050351049999999897e-01
9.934112999999997196e-02
9.394141999999999770e-02
1.444041500000000089e-01
8.672950000000000104e-02
2.026169500000000456e-01
1.814668500000000129e-01
1.928797499999999887e-01
2.173199499999999840e-01
2.075550499999999909e-01
2.970061500000000243e-01
1.376980999999999900e-01
3.503619414999999404e-01
1.911196614999999821e-01
1.892429299999999759e-01
1.558535299999999901e-01
1.739020300000000130e-01
1.074997399999999964e-01
1.027179200000000042e-01
1.664556400000000158e-01
6.057611000000000939e-02
8.383741999999999583e-02
3.848586999999999841e-02
1.564999950000000029e-01
2.471503949999999949e-01
1.670186499999999907e-01
1.658094900000000038e-01
1.839623999999999981e-01
1.244240999999999958e-01
1.105850550000000015e-01
1.325419150000000101e-01
1.377078499999999928e-01
1.235705900000000079e-01
1.047930999999999863e-01
1.081643000000000049e-01
1.008297400000000010e-01
1.863337400000000255e-01
2.124438000000000160e-01
1.877559000000000033e-01
1.345943059999999969e-01
1.597091659999999858e-01
1.093152699999999783e-01
4.319895700000000310e-02
3.807732200000000372e-02
1.597409749999999795e-01
7.145075399999999133e-02
2.199776789999999815e-01
1.586447840000000109e-01
8.283097899999999902e-02
8.749402000000000568e-02
6.732987999999999473e-02
6.411540500000000031e-02
3.619357500000000560e-02
1.359193100000000154e-01
1.101804950000000033e-01
9.216028500000000845e-02
9.059275000000001354e-02
6.448624999999999496e-02
1.352465600000000157e-01
2.420031000000000265e-01
1.644307750000000012e-01
2.234320350000000011e-01
2.829739649999999940e-01
1.713761699999999943e-01
8.834833000000001657e-02
6.924716000000000204e-02
7.308399999999999619e-02
7.899978000000000555e-02
1.205064400000000063e-01
1.192500199999999982e-01
8.517803999999999653e-02
7.602161550000000045e-02
5.011031950000000013e-02
1.522176000000000085e-02
7.280198400000000014e-02
4.731014399999999842e-02
6.228119000000000016e-02
1.004519349999999922e-01
1.145075160000000036e-01
6.496497400000000866e-02
1.379406550000000231e-01
9.290407499999998875e-02
5.434443499999999649e-02
4.678476000000000162e-02
1.236645050000000079e-01
1.510765400000000369e-01
1.065890449999999934e-01
9.742660499999998558e-02
9.296364499999999753e-02
6.304144500000001539e-02
6.557882100000000936e-02
8.813065600000000166e-02
5.006290000000000739e-02
3.883466000000000001e-02
1.132637749999999832e-01
1.503666120000000106e-01
6.723705700000000285e-02
8.348279499999999853e-02
6.605028500000000025e-02
1.176854300000000075e-01
1.102243130000000043e-01
8.229399300000000972e-02
1.158647800000000005e-01
7.854354499999999240e-02
8.989645999999999748e-02
9.290687499999999988e-02
9.163337999999998651e-02
7.185590000000000033e-02
9.643809000000000409e-02
8.786438000000000581e-02
4.601003000000000037e-02
7.385790000000000410e-02
8.411424000000000678e-02
1.232680255000000030e-01
1.549055505000000166e-01
4.712226499999999652e-02
1.643792899999999557e-01
7.458162000000000125e-02
8.181900999999999757e-02
1.283695599999999937e-01
1.188742000000000132e-01
7.107787999999999606e-02
4.690504750000000500e-02
3.461312750000000021e-02
7.313879499999999256e-02
9.982013999999998777e-02
7.147317499999999990e-02
1.341313799999999945e-01
1.116513850000000058e-01
5.683795000000000514e-02
1.409631649999999736e-01
3.965932299999999633e-01
1.982593450000000035e-01
9.107308000000000070e-02
1.255955850000000096e-01
1.168419500000000000e-01
2.511508499999999811e-01
3.686255299999999790e-01
2.384634799999999499e-01
6.964929999999999732e-02
1.136301999999999590e-01
1.541366999999999876e-01
5.021670000000000994e-02
4.373679999999999929e-02
3.177039999999997644e-02
4.097249999999999504e-02
2.423459999999997769e-02
5.306629999999995517e-02
8.697171999999997460e-02
4.764152999999998750e-02
4.609365000000002072e-02
8.622195500000001678e-02
6.523915500000003476e-02
4.385894999999997990e-02
9.502470000000001749e-02
9.469819499999998502e-02
1.422528500000000140e-01
9.767309999999998493e-02
2.556049999999998254e-02
7.367099499999998913e-02
9.186909499999998396e-02
1.752469449999999596e-01
1.309991449999999835e-01
1.093270449999999699e-01
7.162506779999999740e-02
6.294606780000000512e-02
6.951839999999999409e-02
7.616140000000000410e-02
3.599170000000000147e-02
4.812392999999997450e-02
3.884803499999996135e-02
5.150150500000001685e-02
6.550794999999999535e-02
1.171987500000000182e-01
