FramewiseDisplacement
9.610566100000000889e-02
8.157396900000002393e-02
9.843774999999999054e-02
9.529264999999999264e-02
9.449550000000001004e-02
7.703859000000000401e-02
3.304243000000000458e-02
5.262124499999999705e-02
1.429675350000000067e-01
6.207181500000000934e-02
1.027494050000000020e-01
8.276794299999998272e-02
9.036523700000001491e-02
3.356175399999999920e-02
4.269520000000000259e-02
1.196830450000000018e-01
8.519744500000001053e-02
4.072579999999999950e-02
1.342264900000000039e-01
1.742030099999999915e-01
2.389013500000000123e-01
8.739047000000001175e-02
9.846685000000000854e-02
2.154450999999999727e-01
1.086024799999999874e-01
1.212154800000000143e-01
1.586244500000000279e-01
9.530235000000000789e-02
6.623304999999998777e-02
5.964599999999999763e-02
9.818510109999999125e-02
4.846412780000001336e-02
7.820499670000000125e-02
5.130061000000001037e-02
4.660795999999999689e-02
1.008325499999999930e-01
3.356800499999999521e-01
1.206719999999999599e-01
3.593227000000000504e-01
4.025846499999999883e-01
1.502610499999999794e-01
1.769042000000000114e-01
2.020214499999999913e-01
1.269331499999999946e-01
6.408644999999998926e-02
7.245075000000002208e-02
1.496527199999999891e-01
9.274698000000000664e-02
1.134790999999999439e-01
2.824419999999996933e-02
4.152100000000001623e-02
1.317270999999999859e-01
2.009844999999999826e-01
7.743700999999998669e-02
1.177733100000000338e-01
4.635719999999999424e-02
1.589360499999999676e-01
1.279666500000000151e-01
3.884915500000000188e-01
1.379135499999999681e-01
8.487729999999998887e-02
1.339990000000000347e-01
1.203735999999999695e-01
1.137260329999999764e-01
9.005206700000004116e-02
1.134395999999999877e-01
6.674221999999999100e-02
7.800125000000002196e-02
6.653954999999998898e-02
8.582527999999996215e-02
1.118524500000000199e-01
9.772658000000002121e-02
9.372043999999996045e-02
2.617767000000001398e-02
2.211460899999999896e-01
2.524562499999999932e-01
4.178357000000000321e-01
1.131558000000000147e-01
1.333332500000000143e-01
9.915414999999996870e-02
1.654732500000000162e-01
1.246689499999999728e-01
1.138350500000000209e-01
7.454455499999998458e-02
1.025766599999999862e-01
1.063361750000000050e-01
3.749710000000000543e-02
6.200333000000000927e-02
1.430757500000000015e-01
7.497128000000000125e-02
1.046446750000000064e-01
1.117658149999999906e-01
7.705673500000000120e-02
5.610360999999999820e-02
6.455866300000000224e-02
1.409923220000000033e-01
7.680551350000000554e-02
1.493977164999999996e-01
7.378044000000001656e-02
5.597490999999999578e-02
8.039430650000001233e-02
1.679613064999999905e-01
9.142840500000001258e-01
3.940435200000000360e-01
3.130829800000000107e-01
1.194625999999999605e-01
2.352462500000000178e-01
9.460721499999999451e-02
1.316338600000000192e-01
1.251152249999999688e-01
5.859250000000003344e-02
1.107934000000000141e-01
8.143555000000000932e-02
1.132013499999999506e-01
8.396170000000000022e-02
1.260226500000000138e-01
1.067067000000000154e-01
6.532465000000001187e-02
1.078383000000000258e-01
5.782899999999999152e-02
7.204730000000000856e-02
1.484496770000000021e-01
1.283874769999999998e-01
8.207980000000000831e-02
7.618025000000000491e-02
8.614359999999998685e-02
8.336394999999997835e-02
8.863720000000001320e-02
1.071033350000000078e-01
1.347783349999999714e-01
6.539913000000001364e-02
2.634446799999999866e-01
7.552458499999999131e-02
4.843433500000002973e-02
6.277537499999996662e-02
1.636191749999999778e-01
1.109986000000000028e-01
1.045451999999999770e-01
5.623580000000000939e-02
1.071428450000000282e-01
1.189629049999999938e-01
1.424687499999999774e-01
1.643334249999999774e-01
1.349125249999999776e-01
1.056010000000000143e-01
1.015777999999999820e-01
9.914679500000000978e-02
8.358764500000002984e-02
5.064150000000000595e-02
6.805950900000000414e-02
9.773835900000001076e-02
2.170633999999999619e-01
1.852338000000000318e-01
1.834163600000000005e-01
1.272350600000000109e-01
1.103842000000000156e-01
9.402749999999999997e-02
1.533095789999999736e-01
1.498039209999999788e-01
8.765690000000002369e-02
1.858891000000000016e-01
1.156301299999999560e-01
8.156333000000001721e-02
7.704942999999996045e-02
1.139125300000000535e-01
8.501030000000001086e-02
4.962829999999999325e-02
3.728349999999997638e-02
1.237961631799999740e-01
3.645298731799999636e-01
8.287090999999997820e-02
1.559451499999999768e-01
1.112768499999999688e-01
8.168365000000001042e-02
9.860119999999999996e-02
2.634464499999999987e-01
1.277328500000000366e-01
7.407850000000000545e-02
5.418450000000000349e-02
6.566824999999998358e-02
9.424771000000001231e-02
9.605091000000000323e-02
1.354141499999999831e-01
7.357430000000000914e-02
1.991015500000000160e-01
1.150518999999999986e-01
1.575663199999999819e-01
1.704046699999999803e-01
1.225601000000000051e-01
1.337247599999999703e-01
