FramewiseDisplacement
1.377276500000000348e-01
1.128755999999999926e-01
1.727150999999999825e-01
2.973290499999999836e-01
1.692692000000000085e-01
1.221936000000000133e-01
2.965840000000002918e-02
1.354341999999999768e-01
1.908942999999999890e-01
1.300351999999999897e-01
7.808454999999994706e-02
1.815281000000000255e-01
9.447679999999997191e-02
2.237690900000000038e-01
1.943235399999999891e-01
1.928308499999999426e-01
1.089797500000000419e-01
9.585840000000003802e-02
1.742259999999999920e-01
9.219150000000003731e-02
2.394195400000000140e-01
9.789653999999999023e-02
2.185970999999999886e-01
2.255664999999999754e-01
1.607180299999999840e-01
1.857580299999999629e-01
9.680516000000000121e-02
1.281985599999999892e-01
1.372704000000000146e-01
1.185485500000000303e-01
3.370067000000000479e-01
1.690607099999999752e-01
1.739667100000000244e-01
2.072287999999999908e-01
1.672556500000000057e-01
1.283462000000000214e-01
7.048275000000001067e-02
1.028209000000000067e-01
1.010151900000000047e-01
1.031201599999999746e-01
1.193702000000000096e-01
1.262461500000000014e-01
8.539854999999998975e-02
1.011546499999999987e-01
1.108782999999999991e-01
3.688390000000000418e-02
8.259874999999999856e-02
1.310109500000000149e-01
2.557619500000000157e-01
1.324234999999999995e-01
1.372649999999999912e-02
9.378895000000000981e-02
1.346122499999999889e-01
7.512234500000000703e-02
7.670811499999999339e-02
1.338083399999999978e-01
1.403907899999999875e-01
5.228754500000000471e-02
8.230272999999997674e-02
8.768579499999999693e-02
8.731766999999998613e-02
1.582009999999999805e-01
1.116157999999999872e-01
2.090420550000000044e-01
1.636045150000000059e-01
8.763703000000001853e-02
5.559884499999999397e-02
1.046418100000000018e-01
1.411523049999999779e-01
1.043998949999999926e-01
4.694781000000001342e-02
1.389392499999999864e-01
1.606533050000000240e-01
8.755979000000001233e-02
3.622897799999999502e-02
7.566147300000000686e-02
7.441789500000001167e-02
1.132658500000000013e-01
7.612090000000000523e-02
1.631602550000000040e-01
4.511685000000000001e-02
6.662504500000000773e-02
1.000646500000000050e-01
7.221070000000001654e-02
9.158394999999999730e-02
3.066460000000000366e-02
1.369306299999999976e-01
1.062027799999999966e-01
3.617086750000001599e-02
8.097832250000000509e-02
1.151793999999999735e-01
6.855860000000001120e-02
6.672453999999999885e-02
1.427940600000000282e-01
1.032624869999999861e-01
2.645451180000000235e-01
1.666453900000000043e-01
6.221180499999999503e-02
1.386825299999999983e-01
1.083447299999999863e-01
1.175162049999999847e-01
7.375474999999999393e-02
8.350400000000000877e-02
3.775495000000000240e-02
1.139937949999999950e-01
6.879509499999998667e-02
9.729778499999999775e-02
1.422736600000000240e-01
1.296056599999999837e-01
6.642455000000001275e-02
7.913595000000001045e-02
1.566005500000000328e-01
1.266812300000000058e-01
1.316866299999999990e-01
1.406492000000000298e-01
8.627170000000000671e-02
4.969724999999999143e-02
3.480270000000000585e-02
1.234185999999999894e-01
1.085366499999999984e-01
7.816309999999999925e-02
7.031819999999999737e-02
3.053274999999999045e-02
1.422091500000000064e-01
9.885075000000001499e-02
4.580100000000000143e-02
9.647285000000001276e-02
6.879274999999999973e-02
1.029893000000000058e-01
1.534117999999999871e-01
1.124646500000000271e-01
1.113091400000000009e-01
7.882029000000001506e-02
6.971995000000000275e-02
8.331713999999999787e-02
1.066234500000000085e-01
5.498536000000001089e-02
5.864975000000001437e-02
5.872304999999999886e-02
7.713885000000000880e-02
1.159847000000000100e-01
1.480548499999999879e-01
9.572290000000001353e-02
3.043384999999999840e-02
9.474884999999999557e-02
1.394225000000000048e-01
1.366875999999999924e-01
1.242494399999999888e-01
1.613115400000000033e-01
1.771766499999999633e-01
8.175089999999998747e-02
1.160871499999999723e-01
1.061232999999999899e-01
1.894247499999999751e-01
9.454057999999998518e-02
6.774816999999998257e-02
7.846065000000002065e-02
2.255660000000000304e-02
1.081548609999999910e-01
1.233128709999999906e-01
1.240059699999999793e-01
1.075245200000000123e-01
1.358846499999999957e-01
1.592875500000000000e-01
1.974958500000000006e-01
1.923752000000000240e-01
6.060970000000001634e-02
1.753173099999999762e-01
1.047010899999999967e-01
1.468451000000000062e-01
1.218362199999999951e-01
1.721998200000000034e-01
1.395619500000000179e-01
9.627366999999997788e-02
4.697870499999999561e-02
4.505812500000000442e-02
9.120285000000001585e-02
7.096725000000000949e-02
1.085623499999999880e-01
1.522446550000000065e-01
1.101439349999999984e-01
1.473059899999999978e-01
9.633429999999998383e-02
1.678797499999999387e-01
1.686515499999999834e-01
8.269380000000001174e-02
9.491990000000001537e-02
6.586952500000001209e-02
1.281334150000000005e-01
6.132443999999997314e-02
