FramewiseDisplacement
1.667139800000000116e-01
1.201584499999999028e-01
3.393005000000000326e-02
3.987000500000005554e-02
6.529480800000002361e-02
7.772765799999999115e-02
9.286007500000000026e-02
8.171734999999998028e-02
5.549000000000002542e-02
1.231881499999999546e-01
1.280225499999999017e-01
5.384615000000002316e-02
7.971162000000005243e-02
1.181913899999999795e-01
9.341937999999999631e-02
1.518814299999999839e-01
2.172507300000000308e-01
2.771256000000000275e-01
1.725088499999999914e-01
2.130593500000000640e-01
6.648829499999999726e-01
8.416240499999999569e-01
2.736500499999999780e-01
2.280766100000000129e-01
1.230752549999999390e-01
2.138351450000000875e-01
1.800004499999999230e-01
8.991320499999999605e-02
1.700381120000000468e-01
1.194411270000000774e-01
1.417619100000000743e-01
1.214690500000000367e-01
1.190391000000000504e-01
1.537911400000000484e-01
8.264182500000001597e-02
2.060787150000000234e-01
1.033968500000000401e-01
6.349044499999995095e-02
2.393720550000000002e-01
5.757324999999999804e-01
2.217547500000000005e-01
1.412074049999999803e-01
6.233358999999998734e-02
7.336545000000009586e-02
1.173239999999989291e-02
5.218049499999991014e-02
5.502729999999994570e-02
6.064390000000005609e-02
8.339580000000004767e-02
6.785849999999998827e-02
4.889430000000007104e-02
1.155286500000000383e-01
8.478395500000000806e-02
5.193471000000000892e-02
2.289070099999999663e-01
7.298090499999990155e-02
6.181309999999994725e-02
8.620229999999998172e-02
1.087288400000000210e-01
1.006891750000000613e-01
6.821315850000000403e-01
2.565156399999999337e-01
8.330354880000001572e-01
4.750400220000001172e-01
4.982600000000000917e-02
4.798720000000002150e-02
6.937908000000000963e-02
4.388690500000001771e-02
5.643607500000004384e-02
2.733066000000005519e-02
5.485295999999997146e-02
1.171668450000000194e-01
4.985672950000000769e-01
2.561508599999999802e-01
2.827498900000000592e-01
5.767269999999999341e-02
8.564355999999999358e-02
2.117323899999999925e-01
2.249326700000000012e-01
2.087782399999999761e-01
1.039354100000000058e-01
1.390761799999999937e-01
1.550049299999999852e-01
1.298580899999999816e-01
8.637064400000001030e-02
1.193867040000000240e-01
1.011006299999999553e-01
7.890589999999997328e-02
1.505621300000000440e-01
2.621979150000000036e-01
1.567026549999999963e-01
2.451392500000000307e-01
6.741652000000000755e-02
9.957434500000002242e-02
7.910974500000002296e-02
1.225958849999999878e-01
1.493801650000000092e-01
1.184434400000000109e-01
1.538722800000000002e-01
9.740288400000000901e-02
7.550268499999998606e-02
1.591644359999999925e-01
8.183438299999999666e-02
1.419637000000002411e-02
6.797368800000000433e-02
1.379336959999999668e-01
5.434365759999999490e-01
2.680021499999999945e-01
4.903810499999999850e-01
2.526345999999999870e-01
1.810224700000000186e-01
1.711712400000000300e-01
8.345247999999999555e-02
1.915951700000000646e-01
2.236269399999999963e-01
8.586740000000001038e-02
1.911520999999999706e-02
8.057231000000002197e-02
3.775575300000001688e-02
6.723982800000000148e-02
6.546947500000001308e-02
4.165340000000001403e-02
1.003330949999999971e-01
9.710394500000001095e-02
1.084982820000000292e-01
6.167951800000000262e-02
1.227940499999999741e-01
2.557554000000000216e-01
2.472482950000000068e-01
4.812776450000000317e-01
2.498889500000000541e-01
1.170496500000000051e-01
1.844415500000000097e-01
9.204485000000001138e-02
9.333364999999999023e-02
2.399736399999999881e-01
5.300091850000000493e-01
1.344725549999999659e-01
1.010036200000000023e-01
4.370037000000000921e-02
5.886406000000000693e-01
1.491647499999999571e-01
5.521353499999999137e-01
1.085207000000000255e-01
1.772706100000000229e-01
5.504325999999998276e-02
3.233367000000000185e-02
6.336750000000000715e-02
1.373138700000000323e-01
4.680036999999999392e-02
4.155920000000000447e-02
7.202298499999996995e-02
1.665168149999999569e-01
2.458600000000001756e-02
1.024993499999999752e-01
5.870060999999997253e-02
2.887506999999998186e-02
4.415041999999999578e-02
7.784569999999998990e-02
2.305174399999999901e-01
4.848775399999999958e-01
4.461086499999999955e-01
4.727574599999999627e-01
2.265913900000000591e-01
1.259490700000000518e-01
7.323589999999999267e-02
5.963318999999992626e-02
9.878148100000000431e-01
1.532438500000000425e-01
3.384915800000000141e-01
2.234101800000000138e-01
1.951665699999999837e-01
1.674286200000000002e-01
1.065661699999999878e-01
1.490193499999999949e-01
9.657063000000000452e-02
7.080339999999998857e-02
1.208765500000000270e-01
4.369634000000000018e-01
6.368533500000000958e-01
1.381988250000000251e-01
5.955220750000000951e-01
1.087405499999999775e-01
1.447790999999999939e-01
3.417746999999999868e-01
1.779044999999999654e-01
8.711900000000000199e-02
1.183908000000000044e-01
9.308279999999997945e-02
2.532529500000000322e-01
