FramewiseDisplacement
1.508366999999999902e-01
1.097233000000000097e-01
1.737669000000000019e-01
1.154076000000000268e-01
1.594117000000000450e-01
7.525961999999995766e-02
6.901595000000000646e-02
1.013210300000000064e-01
1.362817000000000056e-01
1.369983000000000173e-01
1.488500000000000101e-01
1.419874000000000136e-01
9.590699999999997838e-02
1.155331999999999609e-01
1.177689259999999682e-01
6.937732400000000410e-02
1.134694199999999598e-01
2.201036199999999998e-01
3.007988300000000170e-01
2.072237800000000241e-01
3.302859499999999948e-01
2.079264999999999586e-01
1.103007499999999613e-01
2.084707000000000088e-01
7.414170000000001870e-02
1.060336999999999807e-01
1.067883000000000027e-01
5.765034999999996135e-02
9.015789999999997140e-02
5.158019999999999272e-02
1.614788000000000334e-01
1.004984999999999629e-01
1.094846000000000014e-01
1.811326499999999784e-01
1.268988499999999797e-01
4.610739999999997896e-02
9.364889999999997938e-02
1.107148499999999897e-01
1.196767999999999998e-01
7.955794999999998840e-02
4.520822999999999370e-01
1.640709999999999391e-01
2.067305749999999720e-01
2.594505599999999967e-01
2.080556349999999888e-01
6.450839999999997965e-02
6.496484999999999066e-02
7.050145000000000717e-02
5.070299999999998419e-02
5.078159999999997537e-02
9.744239999999999846e-02
1.675002499999999894e-01
1.661698500000000078e-01
1.654222999999999943e-01
2.069391000000000147e-01
8.280370000000000785e-02
1.248643999999999726e-01
3.907146300000000627e-01
9.943723000000001533e-02
4.401399599999999412e-01
1.557464099999999463e-01
1.813302499999999706e-01
1.221821500000000033e-01
1.013196999999999848e-01
5.617019999999998958e-02
1.065434500000000256e-01
1.328299799999999864e-01
1.050750700000000065e-01
1.907197800000000054e-01
1.836303499999999700e-01
1.649121800000000193e-01
5.354775000000000507e-02
3.497419800000000079e-01
1.313787699999999781e-01
3.414357989999999843e-01
8.393013600000000241e-02
2.411096950000000405e-01
6.552924000000000249e-02
1.582860889999999909e-01
1.140998509999999883e-01
4.085993400000000053e-02
1.138044879999999814e-01
1.690045500000000034e-01
2.846114999999998368e-02
7.208719999999999017e-02
4.156264999999999266e-02
3.526352500000001083e-02
1.222313500000000164e-01
1.274534000000000222e-01
1.141175650000000041e-01
5.188381499999999980e-02
1.316447249999999902e-01
1.740312249999999838e-01
1.063165250000000228e-01
2.844200370000000144e-01
2.584372270000000471e-01
2.264028200000000046e-01
3.706252349999999973e-01
2.074584249999999741e-01
1.581146500000000232e-01
2.692737499999999784e-01
1.036645500000000081e-01
9.277000000000001911e-02
5.295558000000000209e-02
4.090632999999999769e-02
1.292145464899999985e-01
1.800587435100000355e-01
9.070305000000000728e-02
2.446581300000000292e-01
1.188402349999999746e-01
4.298920499999999562e-02
1.030746649999999959e-01
3.959622449999999350e-01
1.663389600000000079e-01
3.590807000000000304e-01
1.883470500000000436e-01
1.409485999999999795e-01
7.399449999999997696e-02
8.628283499999998829e-02
8.118812499999999988e-02
9.028389700000000184e-02
6.470245050000000830e-02
6.234549850000002669e-02
6.931788500000002351e-02
2.586098999999999343e-02
7.376094999999999180e-02
8.439639500000001293e-02
1.745037450000000157e-01
2.551106500000000499e-01
1.709408500000000053e-01
3.896344999999999947e-01
2.057617999999999947e-01
1.501620800000000311e-01
7.325089000000001294e-02
1.430495100000000186e-01
1.491007500000000041e-01
1.031121499999999996e-01
6.832385000000000541e-02
1.221185000000000187e-01
7.958779999999997246e-02
6.948549999999997784e-02
1.449322999999999584e-01
8.900056999999998719e-02
5.623519999999999908e-02
1.173373400000000122e-01
1.438219599999999987e-01
9.512294000000000305e-02
9.676698000000000244e-02
6.035970000000001612e-02
1.976448200000000266e-01
2.585977700000000046e-01
4.013949499999999171e-01
2.180453849999999805e-01
2.185475649999999992e-01
2.131582099999999869e-01
5.783071000000000045e-02
1.402550999999999937e-01
1.002871299999999744e-01
6.338275000000000159e-02
6.411459999999999382e-02
3.023334999999999217e-02
2.506342350000000385e-01
2.223622850000000206e-01
1.454382200000000069e-01
1.125145999999999924e-01
1.131442000000000003e-01
3.822197999999999984e-01
1.024091000000000029e-01
1.833485999999999727e-01
1.461976999999999860e-01
8.704734999999996781e-02
1.863143999999999911e-01
2.475365500000000218e-01
1.253958999999999768e-01
2.308373999999999981e-01
3.127555000000000612e-02
9.317414999999999725e-02
2.570259999999998518e-02
8.198289999999999744e-02
9.012040000000001716e-02
1.493806000000000023e-01
2.656086000000000280e-01
1.876257499999999800e-01
1.228506000000000042e-01
1.164524499999999851e-01
1.412357999999999947e-01
1.454432000000000225e-01
1.115899000000000058e-01
2.851816300000000193e-01
1.651430299999999685e-01
