FramewiseDisplacement
2.211837999999999582e-01
3.098699999999999788e-01
3.188962999999999659e-01
2.766277000000000874e-01
1.944691500000000906e-01
7.408365000000001477e-02
1.855001999999999762e-01
3.397768999999999373e-01
1.430476000000000247e-01
9.560673000000004251e-02
3.569036200000000325e-01
3.299979000000000107e-01
1.558836500000000125e-01
1.617701000000000000e-01
2.707917000000000241e-01
4.804932000000000092e-01
3.248193500000000067e-01
1.955594499999999680e-01
4.143260999999999195e-01
3.408340999999999732e-01
9.238829999999999265e-02
1.805616000000000165e-01
1.548347999999999947e-01
2.155611999999999528e-01
1.177991999999999789e-01
2.312896000000000118e-01
2.502915000000000556e-01
2.969298999999999689e-01
2.714830200000000193e-01
2.490269400000000022e-01
3.127539999999999765e-01
1.834378999999999871e-01
1.294556400000000107e-01
7.823904000000000969e-02
7.055820000000000147e-02
4.595699999999999785e-02
1.613559000000000243e-01
2.369036500000000212e-01
1.955701499999999982e-01
1.208823499999999718e-01
8.337685000000003011e-02
1.694048533000000190e-01
1.406956533000000009e-01
1.549656499999999826e-01
1.141246999999999956e-01
1.390921999999999992e-01
2.406949500000000186e-01
2.200885499999999939e-01
1.954248600000000058e-01
1.793122600000000011e-01
1.956839500000000232e-01
1.641844999999999832e-01
2.108204600000000151e-01
1.436254200000000036e-01
2.028018899999999847e-01
1.357304000000000010e-01
1.654532499999999684e-01
2.875119000000000424e-01
3.152145999999999559e-01
4.268221500000000113e-01
1.813911499999999732e-01
1.761693000000000009e-01
1.953954499999999983e-01
1.792571199999999920e-01
2.687610400000000066e-01
1.140490200000000148e-01
1.712072850000000146e-01
2.280802050000000081e-01
2.288812800000000203e-01
1.866556299999999613e-01
1.389647799999999822e-01
1.231591290000000061e-01
1.258307910000000251e-01
6.165572999999999887e-02
1.791752699999999976e-01
7.721840000000000648e-02
6.984587999999998520e-02
1.149352599999999974e-01
2.116957800000000278e-01
1.204210100000000089e-01
5.325794999999999141e-02
8.575465000000000171e-02
2.621116999999999475e-01
2.423987499999999962e-01
2.090380800000000150e-01
8.579968999999999790e-02
1.342955349999999937e-01
2.375485650000000448e-01
2.219859515000000005e-01
1.940213865000000037e-01
2.022801550000000170e-01
1.561375450000000165e-01
2.232622250000000086e-01
1.802531699999999903e-01
1.532907350000000113e-01
1.558096649999999861e-01
8.590681000000000012e-02
1.188155099999999853e-01
1.358760999999999997e-01
1.115665799999999847e-01
1.135181400000000035e-01
1.821120699999999315e-01
2.609963099999999536e-01
2.544435999999999365e-01
2.355522800000000028e-01
1.035171299999999850e-01
1.573282400000000081e-01
7.790220999999999951e-02
1.602126999999999857e-01
1.168759000000000187e-01
2.184591000000000449e-01
2.616834650000000040e-01
2.328838050000000270e-01
2.044147900000000129e-01
2.046205700000000016e-01
3.769726999999999939e-01
1.674837000000000131e-01
1.247797499999999948e-01
1.902179999999999982e-01
3.463949999999999529e-01
3.601297000000000526e-01
3.031892500000000212e-01
2.950324699999999911e-01
1.939562800000000919e-01
2.008957500000000673e-01
1.339141399999999871e-01
2.896654399999999407e-01
3.540832499999999050e-01
1.592306000000000277e-01
4.097473550000000353e-01
2.704230049999999386e-01
3.054922800000000049e-01
2.945827800000000440e-01
2.057232999999999978e-01
1.545390499999999556e-01
1.492442499999999672e-01
9.888278999999999819e-02
1.184646400000000516e-01
1.960629000000000122e-01
2.966975499999999766e-01
2.319717099999999699e-01
1.584450100000000528e-01
8.041450000000001375e-02
3.320473250000000043e-01
1.643766600000000355e-01
2.465034850000000222e-01
2.072996300000000125e-01
2.550713499999999745e-01
1.851741549999999514e-01
1.821035950000000070e-01
1.156148450000000077e-01
8.023858500000001504e-02
1.097991999999999857e-01
1.393477100000000413e-01
8.470803000000005911e-02
9.426675499999997987e-02
2.546978650000000233e-01
4.091079000000000243e-01
3.787548499999998652e-01
3.124635000000001162e-01
2.829426500000000178e-01
2.255868999999999236e-01
2.094681000000000182e-01
5.624724499999999017e-01
5.265888500000001082e-01
2.303374999999999728e-01
1.430008000000000112e-01
1.861626499999999851e-01
4.407126000000000099e-01
3.242712539999999533e-01
3.476905539999999850e-01
4.685757600000000633e-01
1.973601400000001282e-01
2.024030999999999469e-01
2.571639999999999482e-01
1.395078999999999070e-01
1.542866000000000792e-01
3.119829000000000629e-01
2.060937000000000185e-01
2.929695999999998302e-01
2.090991000000001487e-01
2.040667000000000453e-01
9.724955999999992939e-02
1.210193599999999509e-01
1.125867000000000395e-01
1.892783999999999855e-01
1.835710000000000675e-01
2.384142999999999124e-01
1.616019999999999956e-01
2.508776000000000339e-01
