FramewiseDisplacement
5.893240000000000284e-02
6.518269999999998232e-02
1.024520000000000153e-01
1.210429000000000227e-01
5.641150000000001719e-02
3.429880000000000428e-02
4.491319999999998647e-02
1.066902499999999865e-01
8.224929999999999741e-02
7.069209999999999383e-02
5.755305000000002225e-02
4.649267999999997375e-02
1.206024199999999741e-01
8.600745000000001306e-02
8.456918999999997466e-02
1.303088499999999761e-01
2.467969999999998151e-02
1.027936000000000127e-01
8.040259999999997687e-02
6.647229999999998418e-02
1.631659999999999361e-02
6.123100000000000070e-02
1.565997999999999557e-01
1.946618999999999988e-01
2.492839500000000041e-01
8.832665000000000655e-02
9.280660000000001686e-02
5.441260000000002622e-02
6.044722000000003759e-02
1.411373100000000158e-01
4.844661000000000800e-02
3.772059999999997915e-02
3.519769999999999843e-02
7.169330999999998233e-02
6.017582999999997184e-02
4.529253999999997837e-02
6.970179999999998044e-02
4.122481500000002574e-02
4.982856500000000521e-02
3.540344999999996828e-02
7.310608000000003159e-02
2.903350000000002457e-02
3.080415000000001277e-02
1.698044999999998028e-02
1.056111349999999810e-01
9.780396800000001889e-02
8.816248299999999982e-02
4.625395000000000201e-02
5.892134000000003036e-02
4.959003999999998802e-02
7.121985000000000121e-02
1.298787999999999887e-01
8.486100000000000587e-02
3.130968500000001070e-02
4.049832999999999211e-02
3.270499500000000753e-02
9.259710999999998249e-02
1.054534050000000001e-01
8.167493500000000406e-02
7.636226999999999598e-02
1.220731000000000177e-01
1.720910000000000842e-02
7.041349999999998999e-02
7.111824999999999397e-02
8.168174999999998354e-02
7.359330000000000038e-02
5.202364999999999073e-02
5.737875000000000614e-02
8.738245000000001428e-02
9.280306500000001790e-02
1.321477550000000056e-01
9.656363999999999226e-02
2.716949000000000447e-02
6.180860000000000520e-02
1.740350000000000230e-02
1.192665250000000121e-01
7.639678499999999484e-02
3.979957549999999650e-02
7.984315550000001260e-02
1.233402180000000015e-01
7.007073199999999669e-02
8.587397999999998865e-02
8.211987999999999233e-02
1.140784249999999833e-01
3.057768999999999071e-02
1.346226249999999958e-01
6.319319000000001019e-02
7.129998999999999365e-02
7.231225999999998932e-02
6.736150999999999944e-02
4.165105000000000196e-02
7.816829499999999875e-02
7.483076499999999354e-02
8.444001999999997676e-02
1.004780050000000091e-01
9.789355999999999058e-02
3.954186500000000937e-02
8.217325000000000323e-02
9.076869500000001034e-02
1.276421349999999899e-01
1.126386949999999970e-01
6.690556000000000281e-02
1.331251600000000201e-01
1.052343160000000083e-01
1.882922710000000110e-01
1.762292600000000264e-01
6.334254999999999747e-02
6.941212000000000770e-02
8.048849000000000975e-02
1.128863599999999912e-01
5.767765999999999865e-02
5.066615799999999586e-02
7.104812800000000206e-02
4.269909000000000898e-02
4.456779000000000990e-02
1.006934399999999952e-01
1.136916050000000011e-01
3.361452499999999927e-02
6.577579999999999538e-02
5.423159499999999356e-02
1.155937150000000135e-01
1.675305650000000202e-01
4.022481499999999710e-02
1.160749649999999883e-01
4.939863500000000324e-02
2.374544999999999781e-02
8.545217330000001721e-02
6.431472330000000126e-02
7.403150000000000008e-02
7.607455000000000467e-02
6.858720000000000094e-02
1.509267749999999852e-01
5.457663000000000098e-02
5.834696999999999106e-02
3.978008999999999018e-02
6.417250999999998817e-02
4.010456499999999480e-02
1.270315449999999957e-01
1.785064449999999858e-01
6.982894999999998686e-02
9.584764999999997870e-02
6.573560000000000514e-02
4.658951499999998414e-02
6.242723000000000716e-02
3.734987500000001848e-02
1.041514300000000171e-01
1.339731500000000131e-01
1.331639500000000587e-01
1.215742500000000226e-01
2.977566499999999977e-02
7.603826500000003541e-02
4.224948500000002410e-02
6.704379000000001976e-02
5.090240499999999779e-02
5.753251999999999672e-02
1.739520000000001343e-02
2.651900000000003040e-03
3.370863000000000331e-02
3.738417999999999602e-02
4.636613999999998625e-02
7.599920999999998372e-02
3.355270999999998560e-02
6.567324999999998858e-02
7.162639399999998213e-02
5.774059400000001313e-02
5.538981499999998809e-02
1.319934355000000059e-01
8.187408549999998508e-02
7.666158000000000694e-02
3.508282999999999541e-02
4.458090000000001357e-02
6.444819999999999716e-02
9.784414999999999085e-02
1.319461999999999857e-01
7.500957000000001151e-02
4.315442000000001277e-02
2.877330000000000165e-02
6.915173200000002129e-02
4.282408199999999249e-02
3.096974999999999034e-02
4.536930000000000823e-02
4.438001999999999919e-02
8.467797999999998604e-02
6.106069999999999554e-02
4.754129999999995998e-02
3.759814999999999685e-02
1.072428999999999882e-01
7.738692500000000918e-02
1.804855999999997740e-02
5.799893500000000840e-02
5.228754999999999514e-02
1.127043499999999809e-01
5.943244999999999084e-02
1.043520999999999754e-01
8.166284999999998129e-02
7.148659999999998349e-02
7.346329999999999527e-02
5.463400000000001588e-02
6.680655999999997319e-02
7.170895000000000741e-02
5.420929000000000719e-02
7.347352000000001437e-02
7.390930499999999459e-02
5.451908499999998103e-02
6.348191999999996948e-02
7.191227400000001213e-02
1.171191240000000189e-01
4.297749999999996712e-02
