FramewiseDisplacement
1.746293500000000443e-01
7.791685000000000971e-02
6.992965000000002374e-02
1.327537500000000315e-01
4.213410000000000072e-02
5.987314999999998610e-02
1.355944499999999775e-01
8.399675000000000891e-02
6.209394999999998110e-02
1.478604499999999766e-01
2.660148500000000249e-01
2.490414500000000253e-01
2.055830500000000172e-01
1.067745999999999973e-01
3.819549999999999335e-02
9.463965000000000571e-02
4.782344500000000331e-01
5.504688500000000095e-01
3.625230249999999987e-01
2.212391249999999532e-01
1.476493500000000125e-01
1.453461500000000073e-01
4.032834999999999892e-02
5.163994999999999697e-02
6.633699999999999319e-02
4.713895000000000585e-02
1.027605500000000199e-01
1.104947999999999764e-01
2.466035000000000449e-02
7.729324999999998003e-02
1.893413999999999375e-01
5.459790000000000476e-02
5.867245000000000099e-02
1.035209000000000129e-01
1.254394500000000079e-01
1.447520999999999947e-01
1.818833499999999714e-01
1.461226999999999943e-01
1.450604149999999981e-01
5.558551499999998813e-02
1.887567699999999904e-01
1.753725699999999776e-01
3.303200700000000212e-01
1.349442999999999893e-01
2.226016500000000120e-01
9.406583999999999779e-02
3.524998499999999757e-02
4.204414499999998417e-02
4.756490000000002105e-02
1.576351500000000017e-01
1.631538999999999906e-01
1.015675750000000210e-01
6.667234500000000785e-02
1.610127899999999890e-01
1.661387099999999950e-01
9.145767999999999953e-02
1.261312199999999883e-01
5.872820000000000817e-02
9.318600000000000494e-02
9.977459999999999107e-02
6.092896750000001416e-02
6.744965750000000981e-02
6.996413999999999411e-02
5.230885500000001520e-02
9.977330500000000657e-02
5.312120999999999510e-02
3.853302050000000090e-02
6.827935949999999754e-02
6.668805500000000996e-02
1.111744899999999731e-01
1.187757749999999862e-01
1.985012099999999835e-01
6.203872999999997945e-02
2.897795600000000471e-01
1.223687500000000122e-01
2.970603099999999386e-01
2.258066079999999920e-01
4.960106200000000132e-02
1.064745500000000011e-01
1.322000300000000239e-01
1.245044250000000019e-01
1.229666749999999836e-01
1.014641000000000154e-01
7.719006999999998564e-02
9.424939000000001621e-02
1.075204300000000140e-01
1.312633349999999810e-01
9.893259500000001205e-02
9.752739000000000547e-02
9.317129500000001507e-02
1.190221050000000030e-01
5.381294999999999135e-02
8.513620999999998995e-02
1.771567000000000003e-01
1.334666890000000272e-01
3.212703589999999498e-01
1.724432600000000426e-01
1.049471999999999905e-01
9.930029999999999413e-02
9.213454999999998174e-02
6.390854999999999453e-02
4.776544999999997321e-02
8.327050000000002505e-02
6.387320000000003273e-02
4.219700000000000534e-02
4.060069999999998958e-02
3.324429999999999052e-02
6.036060000000001424e-02
3.198890500000001191e-02
7.805395500000000819e-02
9.226340000000000929e-02
8.596635000000002469e-02
1.205768500000000132e-01
4.343364999999999032e-02
5.642209999999999587e-02
5.040819999999998635e-02
1.744944999999999483e-02
7.415904999999997638e-02
1.172130499999999714e-01
7.224695000000000422e-02
8.452580000000001204e-02
3.578624999999999862e-02
1.007933500000000038e-01
6.283854999999997915e-02
2.387423499999999921e-01
1.253698999999999786e-01
7.146049999999999625e-02
6.274520000000000097e-02
9.186450000000002947e-02
1.127413500000000041e-01
1.378939999999999888e-01
6.827574999999999616e-02
9.371804999999999719e-02
1.305557999999999996e-01
1.585352000000000150e-01
1.121091000000000171e-01
1.468499499999999791e-01
4.548914999999995740e-02
1.275265000000000704e-01
1.372876000000000374e-01
7.981439999999999368e-02
1.383415000000000061e-01
9.870830000000002658e-02
5.783590000000000952e-02
5.538869999999997129e-02
6.899194999999999633e-02
1.798811999999999911e-01
6.256329999999998837e-02
8.657590000000001118e-02
5.129984999999998019e-02
2.383589999999997933e-02
6.794609999999999539e-02
1.516083000000000292e-01
8.598954999999999793e-02
3.165410000000002527e-02
9.609129999999999061e-02
1.188456999999999986e-01
5.506235000000003071e-02
1.612509499999999762e-01
3.145635000000001485e-02
7.214610000000000467e-02
5.997180000000000566e-02
1.289129500000000261e-01
6.144909999999999262e-02
8.884949999999999792e-02
1.924039409999999950e-01
2.014320410000000339e-01
9.072580000000000922e-02
9.917679999999998164e-02
1.345354500000000009e-01
1.316295999999999855e-01
1.321355499999999905e-01
1.668666500000000052e-01
9.906160000000001353e-02
7.138714999999995481e-02
7.422444999999999737e-02
9.634094999999999465e-02
1.611538499999999874e-01
1.431718000000000157e-01
9.393055000000002930e-02
3.516104999999995762e-02
3.966390000000000193e-02
1.056620999999999810e-01
9.311894999999999201e-02
1.283373500000000167e-01
2.171230999999999578e-01
2.663144729999999960e-01
2.262876969999999821e-01
1.776418499999999900e-01
1.129934347999999866e-01
