FramewiseDisplacement
8.567309000000003505e-02
8.624099999999999822e-02
9.993449999999999556e-02
1.970112500000000266e-01
1.079290000000000249e-01
8.914244000000001722e-02
2.212796250000000076e-01
3.749123850000000702e-01
4.026039999999999619e-01
1.478333999999999759e-01
1.274873209999999868e-01
1.482292209999999943e-01
1.010595399999999894e-01
2.490801100000000490e-01
1.787813000000000041e-01
1.119664000000000631e-01
1.235849500000000267e-01
1.115135000000000154e-01
5.321233000000000768e-01
3.028851499999999919e-01
1.855567500000000480e-01
9.842000000000002136e-02
1.142511600000000599e-01
1.199469749999999835e-01
1.872362150000000669e-01
1.137243999999999755e-01
1.475137000000000531e-01
2.137802099999999705e-01
1.711503399999999842e-01
1.556404799999999422e-01
1.412125700000000372e-01
2.111097000000000667e-01
9.326274500000002188e-02
9.033554500000000320e-02
1.247745999999999994e-01
1.220455999999999624e-01
1.448064550000000006e-01
1.058274649999999401e-01
2.153278800000000270e-01
2.761651000000000522e-01
1.324935499999999877e-01
1.049476999999999771e-01
1.157644499999999910e-01
1.004688499999999846e-01
1.242408499999999860e-01
1.115490000000000093e-01
1.502743500000000010e-01
1.858623500000000095e-01
1.490185899999999786e-01
1.842186599999999508e-01
1.654215600000000230e-01
1.116163399999999944e-01
2.200426500000000063e-01
1.374645999999999924e-01
1.155634500000000120e-01
1.400599500000000441e-01
3.010835500000000331e-01
2.649510299999999763e-01
6.466626999999998404e-02
1.101881000000000110e-01
1.439665499999999709e-01
8.194744999999999113e-02
6.375875999999999766e-02
8.917959000000001690e-02
1.032465199999999944e-01
1.126845499999999944e-01
1.228978000000000015e-01
1.010094499999999867e-01
1.526527000000000023e-01
1.679070899999999811e-01
1.131244899999999942e-01
1.030045099999999936e-01
7.351561500000000637e-02
1.832394250000000113e-01
9.466104999999999658e-02
3.990212149999999847e-01
2.315596850000000151e-01
1.319203000000000181e-01
6.079890000000000294e-02
1.141382999999999981e-01
1.613735349999999846e-01
1.747465599999999952e-01
1.792887400000000020e-01
1.623812049999999729e-01
8.148384499999999919e-02
7.788132999999999861e-02
1.563743449999999702e-01
2.024833400000000116e-01
1.412168499999999771e-01
1.786779999999999757e-01
1.217141500000000071e-01
2.079024049999999846e-01
5.423632500000000189e-02
1.115720000000000045e-01
1.236040520000000059e-01
9.229646199999998191e-02
3.459139000000000658e-02
6.407377000000000211e-02
4.642335499999999948e-02
7.333307499999999757e-02
8.050570299999998403e-02
7.366393699999999878e-02
1.300480599999999931e-01
7.812702150000000456e-02
9.383172349999999162e-02
1.317868350000000188e-01
1.393424299999999894e-01
2.165434799999999826e-01
1.629342499999999749e-01
8.275955000000000117e-02
1.603040500000000035e-01
1.240678000000000059e-01
2.020686499999999886e-01
1.328442000000000234e-01
2.059147199999999955e-01
2.715741549999999838e-01
1.964329949999999991e-01
4.215706999999999788e-02
9.518221999999998406e-02
1.364705200000000118e-01
7.907705500000000720e-02
3.192587000000000202e-02
1.500986349999999803e-01
1.424621764999999818e-01
1.251382735000000079e-01
4.071851999999999694e-01
1.010738000000000192e-01
1.247177000000000147e-01
2.444628999999999830e-01
5.562405599999999950e-01
3.177480510000000313e-01
7.858644510000000194e-01
2.259471500000000133e-01
1.209853099999999709e-01
6.203921999999999909e-02
4.700910999999999285e-02
1.172513500000000042e-01
1.626275500000000096e-01
8.356216499999999381e-02
5.942505999999998789e-02
1.076893699999999787e-01
1.262663850000000088e-01
2.600264000000000394e-02
1.364313600000000293e-01
1.465549499999999616e-01
1.136554000000000175e-01
1.024963200000000157e-01
1.407306199999999730e-01
1.611923499999999843e-01
2.255315800000000648e-01
1.700531600000000365e-01
7.894076999999999344e-02
7.066099999999998771e-02
1.144562499999999955e-01
1.846454949999999928e-01
1.419432624999999726e-01
1.169589824999999750e-01
1.464181499999999969e-01
8.030410000000000326e-02
1.974894999999999082e-02
8.752614999999999701e-02
1.694438000000000055e-01
1.773725999999999914e-01
9.974580000000002333e-02
2.022174499999999930e-01
2.007256000000000595e-01
1.108142000000000293e-01
2.194172500000000636e-01
2.791801999999999895e-01
1.685326499999999783e-01
1.923711499999999630e-01
1.894282000000000188e-01
6.960324999999996376e-02
5.770220000000000210e-02
1.945882999999999363e-01
1.759362000000000426e-01
2.897405500000000411e-01
1.657758000000000009e-01
1.085327999999999848e-01
8.682573000000001762e-02
1.135082099999999705e-01
3.541397999999998381e-02
6.427392999999996526e-02
6.428156000000001535e-02
1.694698799999999894e-01
2.760483999999999716e-01
1.700680499999999706e-01
1.082748499999999781e-01
1.548972000000000127e-01
8.870550000000000657e-02
