FramewiseDisplacement
3.152450000000000530e-01
1.801135000000000097e-01
4.065244999999999553e-01
3.912659999999998917e-01
3.302962000000000953e-01
8.744139999999991919e-02
2.216165000000001606e-01
3.351649999999999352e-01
2.143449000000000326e-01
1.359175600000000206e-01
1.670291399999999093e-01
2.266007999999999911e-01
1.960021000000000957e-01
3.108867000000000158e-01
4.171220999999999957e-01
3.972085999999999673e-01
4.321104000000000056e-01
4.239381999999999873e-01
3.035917999999999672e-01
1.833367999999999109e-01
1.737106999999999957e-01
3.877688000000000246e-01
4.300695999999999963e-01
2.513666000000000511e-01
1.057931000000000427e-01
1.186888000000000387e-01
1.411516500000000451e-01
2.762389499999999276e-01
5.238690999999999764e-01
4.562371000000000065e-01
1.613769999999999927e-01
2.173614000000000102e-01
1.259748999999999730e-01
1.470245999999999498e-01
2.245017000000000540e-01
2.709029000000000020e-01
2.664450999999999903e-01
7.745901700000000778e-01
4.849382700000000601e-01
1.909263800000000622e-01
3.376901799999999509e-01
3.247212999999999350e-01
9.475349999999996276e-02
1.538808999999999871e-01
1.811489999999999767e-01
2.722197000000000089e-01
2.088973000000000080e-01
1.594078000000000161e-01
1.997870999999999952e-01
2.301662000000000430e-01
2.081072999999999951e-01
1.964915000000000411e-01
2.691907999999998968e-01
5.840192999999999079e-01
3.995082500000000092e-01
2.577079499999999634e-01
2.199030000000000151e-01
2.941698999999999842e-01
1.745931000000000011e-01
1.363956999999999808e-01
1.349072999999999800e-01
1.822019999999999751e-01
1.391910000000000369e-01
3.350421000000000094e-01
5.683699999999992925e-02
2.107675999999999439e-01
1.262464000000000086e-01
2.095802000000001053e-01
1.787656000000000800e-01
1.779723000000000555e-01
2.873023500000000396e-01
8.785008499999999998e-01
4.080192999999999737e-01
8.036008300000000437e-01
3.058570400000000244e-01
5.713763999999997567e-02
1.942339700000000058e-01
3.297833200000000464e-01
2.525120200000000592e-01
2.508934500000000178e-01
1.663965999999999779e-01
1.365518499999999746e-01
2.164656699999999434e-01
2.639624700000000601e-01
2.115099699999999916e-01
2.438027699999999465e-01
2.432405499999999721e-01
3.278564699999999554e-01
2.782957199999999687e-01
1.715030000000000165e-01
1.989446500000000007e-01
2.596005499999999300e-01
1.528603500000000059e-01
2.277873199999999598e-01
4.784601299999999280e-01
3.215781300000000176e-01
1.909865800000000169e-01
1.679087500000000233e-01
2.935882500000000506e-01
7.706354999999998068e-02
2.494223300000000254e-01
2.235655299999999845e-01
1.584441199999999939e-01
2.501659200000000416e-01
2.389484649999999710e-01
1.809649049999999815e-01
1.808195050000000192e-01
2.362824850000000421e-01
2.534953600000000029e-01
4.302835300000000252e-01
3.618639599999999845e-01
1.727725599999999639e-01
2.190740500000000202e-01
1.176936600000000110e+00
5.134627499999999678e-01
2.065958999999999879e+00
8.300839500000000148e-01
3.525521499999999531e-01
3.953605999999999510e-01
1.325326000000000004e-01
1.483147999999999966e-01
1.543930500000000317e-01
1.986717499999999526e-01
2.108376500000000153e-01
1.078441499999999997e-01
2.024976499999999735e-01
2.464345499999999745e-01
1.607814999999999939e-01
1.448246499999999992e-01
2.030998999999999999e-01
1.526883499999999727e-01
1.282834000000000196e-01
1.352993500000000127e-01
5.685694999999998944e-02
2.329773900000000175e+00
3.944031000000002285e-01
4.485130999999998869e-01
2.776804999999999968e-01
2.207409999999999650e-01
3.760007999999998574e-01
3.268068000000000639e-01
2.488837000000000965e-01
1.370642000000000249e-01
2.726012600000000674e-01
2.919597600000000126e-01
2.995892000000000555e-01
1.933462000000000514e-01
2.086930999999998537e-01
2.714255000000000417e-01
1.013500399999999857e+00
6.675338999999999023e-01
5.922581000000001206e-01
1.651200000000000445e-01
1.918083999999999900e-01
2.304023000000000598e-01
2.529942000000000024e-01
2.262390999999999708e-01
1.897232000000000085e-01
1.866619999999999391e-01
8.850200000000002509e-02
2.806298500000000140e-01
2.818178499999999254e-01
4.393215500000000051e-01
2.768783500000000508e-01
1.764615999999999962e-01
2.936418499999999820e-01
2.203713000000000477e-01
6.442891500000004490e-02
1.421245929999999935e-01
2.428190480000000095e-01
3.679115799999999048e-01
3.657198500000000130e-01
4.270426499999999681e-01
2.774842000000000142e-01
9.794789500000002092e-02
1.871712450000000139e-01
2.273638600000000010e-01
3.666147199999998940e-01
2.464008099999999701e-01
4.641299999999998205e-02
9.437920000000002418e-02
1.177868599999999794e-01
7.944252000000005809e-02
1.351674800000000065e-01
1.256292499999999146e-01
8.666165499999992083e-02
1.797340049999999745e-01
1.477109499999999798e-01
1.933289999999998898e-01
1.701852249999999955e-01
