FramewiseDisplacement
2.167882000000000142e-01
2.058173999999999837e-01
7.434259999999998092e-02
8.110150000000002080e-02
1.255421500000000190e-01
1.081838500000000258e-01
8.721094999999998154e-02
6.273624999999997953e-02
8.608319999999998473e-02
2.095871000000000262e-01
2.079230499999999981e-01
8.996800000000002018e-02
1.625467499999999899e-01
5.802089999999999331e-02
1.205078550000000109e-01
1.297166399999999942e-01
5.649119499999998711e-02
9.704679000000004940e-02
6.080031499999999367e-02
8.298321500000001294e-02
1.604857500000000103e-01
1.067981999999999820e-01
1.242882800000000287e-01
1.387917300000000020e-01
1.550059500000000312e-01
9.245301000000000213e-02
1.278061100000000005e-01
1.644037499999999874e-01
7.356474999999999820e-02
1.088000499999999954e-01
1.308735499999999774e-01
1.384624499999999869e-01
1.268339999999999745e-01
1.361630699999999694e-01
8.756646999999999348e-02
9.363570000000000226e-02
4.210590000000002942e-02
1.181271999999999878e-01
2.342246499999997220e-02
1.504435449999999841e-01
1.371631199999999717e-01
1.255679499999999837e-01
1.625235500000000166e-01
1.032879000000000297e-01
1.728752500000000081e-01
2.017388300000000079e-01
1.388797400000000015e-01
1.266099699999999884e-01
1.345016500000000004e-01
2.028679300000000019e-01
9.411816999999997324e-02
1.104542099999999832e-01
1.463758999999999755e-01
1.184953999999999869e-01
4.862784999999999330e-02
2.834625000000000339e-02
1.147926400000000291e-01
4.331618999999999053e-02
9.061175000000000479e-02
6.935895000000000254e-02
2.080904700000000274e-01
8.070006999999999875e-02
1.469247400000000259e-01
8.218810999999998090e-02
1.007996499999999906e-01
1.135112499999999802e-01
3.911605000000000637e-02
1.653630499999999837e-01
9.308755000000001889e-02
9.096749999999999281e-02
1.286147499999999999e-01
1.300696500000000089e-01
9.123684000000001348e-02
2.879459600000000008e-01
1.937606600000000290e-01
5.468475999999999893e-02
8.698095000000000132e-02
5.609684999999999672e-02
7.862265000000000226e-02
1.106107944999999981e-01
7.760173450000000528e-02
1.134246900000000224e-01
8.199315000000001463e-02
1.953940944999999763e-01
7.122852000000000350e-02
2.035097900000000237e-01
3.823372499999999619e-02
1.238117345000000064e-01
1.071268949999999859e-01
1.102489600000000070e-01
1.426561799999999935e-01
9.804694999999999383e-02
1.294480799999999932e-01
1.126065649999999918e-01
1.191459439999999897e-01
1.076971759999999917e-01
1.621759830000000235e-01
2.521870000000000500e-01
1.260402049999999885e-01
1.463824250000000105e-01
2.482825550000000159e-01
1.913874950000000186e-01
9.940887999999999114e-02
1.229980799999999680e-01
2.499242000000000130e-01
1.282023500000000205e-01
6.683101999999999099e-02
1.381790299999999805e-01
1.076621500000000120e-01
6.712930000000000286e-02
1.014725449999999973e-01
1.241952050000000307e-01
1.372076999999999880e-01
1.720672999999999786e-01
8.912875000000002046e-02
5.227975000000002065e-02
8.342031000000001140e-02
1.896368000000000220e-01
1.453705899999999940e-01
9.782386999999999333e-02
1.097933700000000151e-01
1.374694499999999930e-01
1.307236999999999982e-01
9.781854999999997635e-02
1.010543500000000289e-01
1.891187000000000007e-01
6.431987000000001509e-02
1.583045199999999486e-01
1.224211049999999745e-01
1.361665599999999920e-01
1.248214099999999938e-01
1.310649749999999725e-01
7.571760000000000990e-02
1.875026699999999824e-01
1.441877699999999929e-01
1.629234599999999922e-01
2.132868099999999656e-01
1.147449999999999998e-01
1.591637499999999650e-01
2.479895380000000094e-01
1.055147879999999982e-01
1.634898800000000041e-01
1.509526199999999818e-01
8.588735999999999593e-02
1.085018500000000247e-01
8.047144999999999992e-02
2.884448029999999719e-01
1.916774669999999625e-01
9.615915000000001267e-02
6.269010000000001248e-02
1.729183400000000037e-01
8.916959000000003466e-02
8.966813999999997953e-02
1.214096199999999820e-01
1.594167450000000263e-01
1.330276250000000382e-01
8.094766500000000198e-02
9.782794499999998561e-02
1.957582800000000067e-01
2.057389900000000105e-01
1.121515600000000390e-01
1.249549999999999966e-01
1.998654999999999737e-01
1.601153899999999963e-01
1.243871999999999894e-01
7.677596999999999894e-02
1.139114900000000041e-01
9.866395000000000026e-02
9.959270000000002010e-02
1.118731000000000031e-01
1.693653199999999859e-01
1.079704599999999765e-01
1.394293899999999864e-01
1.633446199999999682e-01
1.332479499999999761e-01
7.915239999999998388e-02
1.374846500000000415e-01
1.711879300000000159e-01
1.108575300000000374e-01
3.648200000000000054e-02
1.130729999999999652e-01
1.285197500000000437e-01
9.430645000000004163e-02
1.390474000000000432e-01
1.104593000000000380e-01
1.441681000000000212e-01
8.255850000000002076e-02
1.646056539999999624e-01
7.631395400000004492e-02
5.183880000000000432e-02
