FramewiseDisplacement
2.185492000000000823e-01
2.942776000000000836e-01
3.466295000000000348e-01
2.910057899999999864e-01
2.792418899999999926e-01
7.537870000000004844e-02
1.524645999999999779e-01
8.607150000000000911e-02
5.504610000000004916e-02
1.992635700000000842e-01
1.893719300000000771e-01
1.026341999999999949e-01
1.412584780000000484e-01
1.697065219999999985e-01
2.877739000000000269e-01
2.065048999999999357e-01
5.612277500000001362e-01
4.170554000000000205e-01
1.218295499999999532e-01
1.340963000000000016e-01
1.898128999999999789e-01
2.314138000000000306e-01
1.432797500000000113e-01
2.574353000000000335e-01
9.791693999999998010e-02
2.143605500000000386e-01
1.223014600000000146e-01
1.525533500000000042e-01
8.868510000000007221e-02
4.861069999999999280e-02
1.549760999999999778e-01
1.645863000000000187e-01
2.620722499999999511e-01
2.021726499999999815e-01
3.833299999999999902e-02
1.128208500000000003e-01
7.163316000000001516e-02
1.049338399999999727e-01
8.605837999999996213e-02
1.108784399999999948e-01
2.297335399999999861e-01
2.418191999999999842e-01
1.720030999999999644e-01
1.695903200000000166e-01
2.200326100000000451e-01
1.875342100000000067e-01
1.447320000000000273e-01
2.017501700000000064e-01
2.343524299999999727e-01
1.664446000000000536e-01
1.057246800000000153e-01
1.325331700000000612e-01
1.387239700000000298e-01
8.927010000000003276e-02
9.279813000000000645e-02
7.224970099999998563e-02
1.123149009999999809e-01
8.040844800000000736e-02
1.246728280000000133e-01
1.117687419999999765e-01
1.902634220000000154e-01
7.067165799999999831e-02
9.457396199999998365e-02
9.669160999999999728e-02
8.197555000000000813e-02
1.209389999999999910e-01
2.031039799999999895e-01
1.873764299999999550e-01
1.329882500000000023e-01
1.818953200000000270e-01
1.071716515000000203e-01
1.069636315000000032e-01
1.020947000000000104e-01
9.928490000000000926e-02
6.551189999999999791e-02
9.671331999999999152e-02
2.891827100000000095e-01
2.342711899999999903e-01
2.162270000000000025e-01
8.092029999999998668e-02
1.334005300000000172e-01
1.007836849999999979e-01
4.950335499999999195e-02
1.015593629999999858e-01
1.821418130000000135e-01
1.322646399999999889e-01
1.715190899999999852e-01
1.810936999999999963e-01
1.066790999999999989e-01
1.016992199999999791e-01
3.625968000000000246e-02
1.366707599999999745e-01
1.511205599999999871e-01
7.620186850000000567e-02
1.381811740000000177e-01
9.924072550000001547e-02
1.504347500000000060e-01
1.635554499999999911e-01
9.261151999999998885e-02
1.150672699999999993e-01
1.734798250000000042e-01
6.266922499999999507e-02
1.469480600000000192e-01
1.653802010000000045e-01
2.313230909999999807e-01
2.028502899999999609e-01
8.391535000000001354e-02
1.569331499999999935e-01
1.372289299999999990e-01
1.011075299999999871e-01
1.149728450000000179e-01
1.382848549999999843e-01
5.815726999999999008e-02
1.153590000000000032e-01
8.321167000000000147e-02
1.273934899999999981e-01
1.107570269999999940e-01
2.625912579999999941e-01
1.409162050000000166e-01
4.613501999999999881e-02
1.092095999999999900e-01
1.420645150000000023e-01
4.078851500000000435e-02
1.040760100000000105e-01
1.444128499999999815e-01
6.839680999999998845e-02
8.728214999999998891e-02
6.527140000000000719e-02
7.134845000000000770e-02
7.151210000000000899e-02
1.662013999999999991e-01
1.920704100000000247e-01
1.853784100000000490e-01
2.176131000000000038e-01
1.541762499999999869e-01
1.293653500000000178e-01
6.675795000000001034e-02
4.551735000000000503e-02
7.198627999999998583e-02
1.014209100000000169e-01
1.233853799999999890e-01
8.871184999999999488e-02
5.295055000000000595e-02
9.953450000000001185e-02
9.297895000000000465e-02
1.011871500000000035e-01
1.007567999999999797e-01
1.171169999999999989e-01
5.431259999999999560e-02
4.246519999999999462e-02
5.905520000000001601e-02
8.806374999999999620e-02
1.461058000000000079e-01
9.007180000000000741e-02
1.048830000000000040e-01
1.192222000000000004e-01
5.076360000000000594e-02
6.320804999999998786e-02
8.384822000000000108e-02
1.113677799999999857e-01
1.334854349999999856e-01
1.523438649999999672e-01
1.260535899999999931e-01
7.112739999999999341e-02
5.339334999999999221e-02
4.891559500000002003e-02
9.714590500000000461e-02
1.656599000000000266e-01
2.007439099999999699e-01
7.510015999999998526e-02
1.036373819999999585e-01
1.285006479999999951e-01
7.041445999999998429e-02
4.415311000000001623e-02
9.575034000000000323e-02
1.495447899999999830e-01
1.149496999999999880e-01
5.680354999999999432e-02
7.258995000000004194e-02
9.464989999999999515e-02
5.230895000000003459e-02
1.033612999999999893e-01
1.087861500000000120e-01
1.412897999999999932e-01
6.470080000000000275e-02
8.245365000000000333e-02
1.422118499999999730e-01
6.552310000000001466e-02
2.125898999999999706e-01
2.840694500000000011e-01
2.027992999999999879e-01
1.480919500000000277e-01
1.405384000000000078e-01
8.821849999999997749e-02
6.988189999999999680e-02
1.433833000000000468e-01
1.199940999999999647e-01
1.388437500000000158e-01
9.480065000000001407e-02
9.883994999999998199e-02
9.252974999999999395e-02
8.633404999999999552e-02
7.001434999999998909e-02
1.185353000000000240e-01
1.077755999999999437e-01
5.359964999999997787e-02
1.405569499999999583e-01
1.297229999999999772e-01
