FramewiseDisplacement
1.470738400000001778e-02
7.548075799999998114e-02
1.313602000000000103e-01
1.614912999999999765e-01
7.916455000000004183e-02
6.099410000000000248e-02
1.255767499999999870e-01
6.913594999999998769e-02
8.685767999999997879e-02
4.487447999999995968e-02
4.272394999999997584e-02
5.329160000000000841e-02
5.327695000000001735e-02
4.747840000000001087e-02
4.967175000000000062e-02
6.639350000000000807e-02
9.793475000000000097e-02
1.478446999999999956e-01
1.213096999999999925e-01
5.119589999999998170e-02
5.555430000000001478e-02
1.232503999999999822e-01
1.503672000000000064e-01
7.278403000000002732e-02
1.049350299999999708e-01
1.105076499999999851e-01
4.139824999999999061e-02
6.829355000000000842e-02
6.978290000000000881e-02
8.072566000000001851e-02
1.031434099999999909e-01
1.047639999999999960e-01
8.164095999999998465e-02
7.061791000000001983e-02
8.874059999999998893e-02
5.463044000000000233e-02
7.449653999999998610e-02
7.136930000000001051e-02
9.728430000000001798e-02
6.272849999999997872e-02
5.531150000000002037e-02
5.738383999999999152e-02
9.217004999999997561e-02
9.516243299999999072e-02
6.933707699999999696e-02
3.418749999999999567e-02
8.242767000000000843e-02
6.788327999999999030e-02
5.209598999999999480e-02
1.113347499999999823e-01
4.765518200000001120e-02
9.209110500000002031e-02
1.047275130000000082e-01
7.677259999999999640e-02
8.559859999999999691e-02
8.511674999999999103e-02
7.841522999999998855e-02
7.057190400000000474e-02
1.985176399999999744e-02
5.228735999999999801e-02
9.405775000000000940e-02
9.245035000000001446e-02
7.677208499999998992e-02
9.220178150000002404e-02
9.243135150000000855e-02
7.754578000000002247e-02
7.986924500000000537e-02
5.162326499999998763e-02
5.637366499999998948e-02
4.104897499999999450e-02
4.074031000000000180e-02
3.858814499999999731e-02
9.976064999999999239e-02
1.126848700000000064e-01
6.748110500000001344e-02
7.420647499999999397e-02
4.536679999999999879e-02
3.172145000000000520e-02
9.115017000000000258e-02
1.141946419999999990e-01
7.676466300000001075e-02
2.990632500000000096e-02
8.932566000000000117e-02
4.893859999999999877e-02
7.506759999999999822e-02
7.917636000000000118e-02
1.233636999999999928e-01
5.024990500000000443e-02
2.643281000000000103e-02
6.420874499999998375e-02
9.080647000000001412e-02
1.152712400000000109e-01
7.779616150000000230e-02
7.884055950000000423e-02
5.571780500000000219e-02
2.962976000000000151e-02
1.102057850000000006e-01
7.071665499999998938e-02
1.426879799999999920e-01
4.943483999999999379e-02
5.154804999999999110e-02
3.398329899999999459e-02
4.470782100000000175e-02
1.280942000000000539e-02
7.211118200000000977e-02
1.101778519999999928e-01
1.043302300000000099e-01
4.651907999999999738e-02
6.789964999999999196e-02
6.282404999999999240e-02
7.569570000000000465e-02
3.106747999999999454e-02
7.296198000000000961e-02
5.580113999999999908e-02
1.002931300000000081e-01
1.092866900000000197e-01
6.334619999999999140e-02
1.739475000000001784e-02
3.452754999999999713e-02
5.432354999999999823e-02
6.770329999999998016e-02
3.540420000000000372e-02
3.413454999999999961e-02
5.603015000000000079e-02
1.198441699999999999e-01
1.247765199999999880e-01
9.075760000000002159e-02
1.244486500000000079e-01
3.367969999999999992e-02
1.334430099999999730e-01
5.814125999999999322e-02
1.019799499999999859e-01
6.479855999999999117e-02
9.439004000000000838e-02
8.993669999999998055e-02
1.650816000000000228e-01
1.056754000000000304e-01
8.681624999999998371e-02
3.710619999999997809e-02
7.723044999999999216e-02
1.141166349999999940e-01
7.690528500000004541e-02
5.298400000000001026e-02
8.355174999999996632e-02
7.255000000000000338e-02
1.116072999999999926e-01
6.373290000000002287e-02
1.162708999999999965e-01
4.470970000000003969e-02
7.305090000000002970e-02
1.074988000000000193e-01
7.297159999999998370e-02
4.394270000000000120e-02
1.024389000000000272e-01
6.681360000000002852e-02
8.280120000000000535e-02
5.592179999999999374e-02
5.449426000000001657e-02
5.497308999999997448e-02
8.442709999999999104e-02
1.130700500000000053e-01
8.061899999999998234e-02
1.169887999999999900e-01
1.114461999999999953e-01
5.626949999999998620e-02
1.495181899999999953e-01
6.686899000000001703e-02
1.165380099999999974e-01
1.037916400000000183e-01
4.619552000000001074e-02
1.106850829999999897e-01
6.659751300000001095e-02
7.773893999999997861e-02
8.948241000000001222e-02
5.869867000000002222e-02
8.215592000000000727e-02
3.246860000000002799e-02
9.343669999999999753e-02
8.959570000000001422e-02
2.631789999999998089e-02
3.746280000000000443e-02
8.405120000000000646e-02
3.909359999999999918e-02
3.662420000000000953e-02
9.574710000000002941e-02
7.889540000000001829e-02
4.610170000000000934e-02
7.045600000000001861e-02
7.739040000000002584e-02
1.304598999999999898e-01
