FramewiseDisplacement
5.083599999999986740e-02
1.582484999999999586e-01
3.930929999999986657e-02
1.193583000000000283e-01
1.483037000000000660e-01
3.849780000000006114e-02
2.252472999999999836e-01
5.533939000000001052e-01
2.300857000000000319e-01
2.960585499999997539e-01
2.989965500000000276e-01
2.944639000000001117e-01
8.320933999999998720e-01
1.096404999999999047e-01
1.360368000000000133e-01
1.298905499999999935e-01
4.351915900000000725e-01
1.099266699999999347e-01
1.119053200000000997e-01
1.554099499999999634e-01
1.936944500000000735e-01
7.621779999999998834e-02
1.179379499999999720e-01
6.832030000000009762e-02
1.085991999999999652e-01
1.416106500000000878e-01
8.445054999999992984e-02
5.107795000000003860e-02
6.826577499999998411e-01
1.509244699999999995e+00
1.708600800000000142e+00
3.832113000000000325e-01
2.370883999999999492e-01
2.801184499999999633e-01
3.080943499999999613e-01
1.326260499999999121e-01
1.075028999999999707e-01
1.056885999999999659e-01
8.614834999999997078e-02
7.020339999999999914e-02
4.282906000000000907e-02
4.389318000000000386e-02
7.408976999999992985e-02
3.010195000000002313e-02
8.649797000000006286e-02
8.423610799999999843e-01
1.043711099999999892e+00
5.112712199999999152e-01
1.332100300000000070e-01
8.817002999999999646e-02
1.524270550000000335e-01
1.353706349999999614e-01
1.396941899999999959e-01
1.017727399999999449e-01
1.126799699999999627e-01
9.489501999999996884e-02
2.479838400000000109e-01
3.146232000000001028e-01
4.796263499999999791e-01
1.978847499999999981e-01
1.762524499999999772e-01
1.079062000000000077e-01
1.196679499999999952e-01
1.178650399999999904e-01
7.215333100000000111e-02
8.298849499999999546e-02
8.490908800000000756e-02
4.105938199999999844e-02
1.082256989999999808e-01
8.965268100000001184e-02
1.150852860000000089e-01
9.818571000000000937e-02
3.553720000000000490e-02
1.455752000000000157e-01
7.695280999999999649e-02
1.697150400000000114e-01
1.387553799999999837e-01
4.472069499999999781e-02
3.446199000000000484e-02
9.484258500000000702e-02
7.990674100000000335e-02
1.366602909999999893e-01
9.021384000000000347e-02
8.023461000000001175e-02
6.178052000000000543e-02
1.115624900000000003e-01
6.478041000000001048e-02
6.008730000000001015e-02
7.483723999999999932e-02
6.156777000000001471e-02
1.385817199999999916e-01
9.923604000000001146e-02
7.645390999999999992e-02
8.515989999999999671e-02
5.026597700000001029e-02
3.319313380000000341e-02
4.853014830000000612e-02
5.027665249999999780e-02
5.396404599999998775e-02
6.967545900000000902e-02
6.927272500000000721e-02
1.043800599999999967e-01
1.238481980000000066e-01
5.198430199999999612e-02
4.485478000000000381e-02
5.758154799999999629e-02
6.914793799999999213e-02
4.163965299999999869e-01
1.424204650000000072e+00
1.613114000000000769e-01
1.019063249999999921e-01
1.771306249999999860e-01
4.561347250000000741e-01
1.299164999999999071e-01
1.806410000000000515e-01
1.484095000000000553e-01
1.627211049999999493e-01
8.223760000000000792e-02
1.448561099999999546e-01
1.016742099999999871e-01
9.810532499999997935e-02
1.381041649999999454e-01
6.839762999999998705e-02
3.715521999999997493e-02
1.046073000000000142e-01
1.476296700000000184e-01
4.838154999999991907e-02
2.143825000000000314e-01
1.043983500000000009e-01
1.481649000000000160e-01
8.290649999999995245e-02
1.427113000000000131e-01
5.916624999999998274e-02
8.992345000000002975e-02
5.905469999999998082e-02
8.615049999999999097e-02
1.117829499999999920e-01
1.066406700000000207e-01
2.705257000000002576e-02
1.370305899999999799e-01
1.808977499999999128e-01
6.361560999999998911e-02
1.554185199999999489e-01
4.898623000000000560e-02
5.559683999999991827e-02
1.420511899999999661e-01
7.782894900000000282e-01
7.245691199999998444e-01
4.840787099999999676e-01
2.977229499999999862e-01
1.166527199999999875e-01
1.590374800000000366e-01
2.311206499999999830e-01
1.252301500000000123e-01
1.498783499999999935e-01
7.813409999999999800e-02
1.415266249999999892e-01
2.099566750000000093e-01
2.324892400000000137e-01
4.016615900000000128e-01
3.085877299999999490e-01
3.561217000000000410e-01
3.010875799999999658e-01
7.451101799999998443e-01
1.596239500000000144e-01
2.796374499999999541e-01
1.196039500000000005e-01
4.048664399999999386e-01
2.056440100000000437e-01
5.591430000000001399e-02
7.708295000000001118e-02
1.075669099999999878e-01
4.637776000000001092e-02
1.548698500000000033e-01
1.409205500000000333e-01
5.047485000000001554e-02
7.828909999999998648e-02
2.180987300000000184e-01
4.185749300000000672e-01
8.818524599999999491e-01
2.653979150000000398e-01
6.318752999999996400e-02
5.755798499999997125e-02
2.317487500000000311e-01
1.746563000000000698e-01
1.035747499999999932e-01
8.579145000000001908e-02
1.533498500000000098e-01
1.112626999999999644e-01
1.405389499999999681e-01
