FramewiseDisplacement
3.207340459999999949e-01
4.721259999999998652e-02
1.168952000000000879e-01
3.093267499999999282e-01
2.723473499999999881e-01
1.215949000000000196e-01
1.004651499999999753e-01
4.315279999999999810e-02
9.380085000000003281e-02
1.104452999999999963e-01
8.239925000000000721e-02
6.389774999999996152e-02
7.101634999999995035e-02
1.035323499999999952e-01
7.912840000000000151e-02
1.425024000000000290e-01
1.548059999999999992e-01
5.998124999999997209e-02
5.927525499999999337e-01
3.287703999999999627e-01
4.497924500000000103e-01
2.983778899999999790e-01
7.269405999999997703e-02
1.297291000000000138e-01
9.399443000000001769e-02
1.423304899999999762e-01
9.790617000000000070e-02
3.198887000000000813e-01
2.473947000000000229e-01
1.471390500000000212e-01
2.381433500000000592e-01
8.814720000000002276e-02
2.506018799999999991e-01
1.201948499999999920e-01
5.764868000000000769e-02
7.773458500000002269e-02
8.865301500000002943e-02
9.880320000000000769e-02
2.398969500000000254e-01
5.313189499999999565e-01
8.538597150000000191e-01
1.695131349999999815e-01
4.280985000000000484e-01
1.362978000000000522e-01
2.193720899999999641e-01
1.770624400000000431e-01
8.700159999999998450e-02
5.838050099999999576e-01
5.524160499999999363e-01
6.688795999999998243e-02
1.970377800000000512e-01
1.691046099999999885e-01
1.390685600000000077e-01
2.200962900000000000e-01
3.028781099999999782e-01
1.773847084999999879e-01
1.282832065000000243e-01
3.573971650000000166e-01
4.152349499999999916e-01
2.974346999999999963e-01
1.182488000000000011e-01
6.508219999999999283e-02
1.398579799999999929e-01
3.568152049999999686e-01
5.259155750000000795e-01
2.663661420000000279e-01
5.879479200000001238e-02
5.485530000000000961e-02
4.605503999999999848e-02
5.904560999999999144e-02
1.465717800000000126e-01
1.713834300000000033e-01
5.319910000000002692e-02
9.353659999999998365e-02
1.821769699999999936e-01
2.262402200000000196e-01
1.166944099999999818e+00
6.172302899999999592e-01
6.751589299999999350e-01
2.782269299999999834e-01
1.238851500000000133e-01
1.149696000000000051e-01
1.113151200000000035e-01
6.046471999999999958e-02
3.394617000000000467e-02
4.817149999999999210e-02
2.425514900000000085e-01
2.736291699999999771e-01
2.765946240000000111e-01
3.162781740000000230e-01
1.981882899999999892e-01
1.177772899999999928e-01
1.194834249999999903e-01
1.222218149999999975e-01
3.331812679999999749e-01
4.567544119999999985e-01
4.499655700000000369e-01
2.998463199999999995e-01
1.374768299999999943e-01
6.958432999999998592e-02
1.714423200000000369e-01
1.473798999999999804e-01
5.649699999999999861e-02
7.007512000000001851e-02
1.774070499999999828e-01
1.928950999999999583e-01
1.570278999999999980e-01
1.372672000000000059e-01
9.753805000000001502e-02
1.203881800000000390e-01
1.166515799999999492e-01
1.390727499999999672e-01
6.307554999999999412e-02
2.019978399999999841e-01
5.836770000000000153e-02
3.324997000000000091e-01
2.005767099999999914e-01
1.440802999999999945e-01
9.733760000000002410e-02
2.945174999999995366e-02
5.262190000000001311e-02
8.524574999999999514e-02
6.264930000000004662e-02
7.805094999999996619e-02
5.244054999999996081e-02
1.648216499999999862e-01
1.147501999999999550e-01
1.539685000000000081e-01
7.775204999999997535e-02
3.350256900000000426e-01
1.312576000000000298e-01
1.394927900000000331e-01
8.735290000000001109e-02
7.184259999999997870e-02
8.725595000000002655e-02
9.888544999999999974e-02
1.137212999999999558e-01
1.076113049999999904e-01
4.827250500000000027e-02
6.391910000000002035e-02
3.838209000000004922e-02
1.820473600000000192e-01
1.577313499999999924e-01
1.076904649999999714e-01
9.065552500000002845e-02
1.545051899999999867e-01
1.983783500000000088e-01
1.129219500000000348e-01
9.120639999999997916e-02
8.517890000000000184e-02
1.093309999999999421e-01
9.114100000000006918e-02
9.325099999999993117e-02
5.057250000000002021e-02
7.397149999999999559e-02
1.027580000000000437e-01
5.322800000000000448e-02
8.632320000000001659e-02
6.903860000000000552e-02
8.913540000000000352e-02
9.310669999999995894e-02
2.033126499999999559e-01
2.301603999999999317e-01
6.678734999999999533e-02
1.686676000000000009e-01
1.865508999999999640e-01
2.659047999999999967e-01
4.562961500000000115e-01
2.611155000000000004e-01
6.992847499999998995e-01
3.856094999999999939e-01
1.531933150000000243e-01
1.112851950000000173e-01
1.132697700000000196e-01
6.346198000000001505e-02
1.295597800000000133e-01
1.828737499999998906e-01
5.952154999999997864e-02
6.883885000000006249e-02
1.686927999999999483e-01
3.869548999999999905e-01
3.441510999999999321e-01
2.683219999999999494e-01
2.629955999999999960e-01
3.220416000000000389e-01
2.797384399999999771e-01
2.031610899999999609e-01
2.070698499999999997e-01
1.569645499999999805e-01
1.319604500000000069e-01
