FramewiseDisplacement
1.061489999999999795e-01
1.893751000000000462e-01
1.199101000000000056e-01
2.483289999999999942e-01
8.607249999999994072e-02
4.889699999999994051e-02
1.030914999999999471e-01
1.027190000000000741e-01
1.686140000000000139e-01
1.396115000000000272e-01
2.798729999999999274e-01
1.575969999999999316e-01
4.035345000000000182e-01
1.929579000000000155e-01
1.060761000000000898e-01
3.072073000000000165e-01
9.517914999999999015e-01
1.244202800000000053e+00
3.690849999999999964e-01
5.064330999999999694e-01
1.785874999999999824e-01
2.478918999999999706e-01
8.669159999999999366e-02
1.981680999999999859e-01
1.714700999999999309e-01
1.024300999999999545e-01
1.292042000000000190e-01
1.163178000000000545e-01
3.047378999999999505e-01
1.835289999999999699e-01
1.428374999999999506e-01
1.716353000000000462e-01
2.163630000000000830e-01
7.309045000000005676e-02
7.434794999999999598e-02
1.310937999999999826e-01
9.850680499999998618e-01
6.373940999999999635e-01
1.237138500000000280e-01
3.271046649999999612e-01
2.928891600000000373e-01
1.404874999999999596e-01
3.716840349999999682e-01
3.001779900000000056e-01
1.397515900000000089e-01
1.950593499999999925e-01
8.490399999999993785e-02
2.160819500000000226e-01
1.407199499999999825e-01
1.615925849999999553e-01
8.480143499999999446e-02
7.453064999999992057e-02
6.915545000000004883e-02
1.321937500000000820e-01
7.910533000000000703e-01
5.944275599999999660e-01
2.147027710000000145e-01
1.909604460000000337e-01
4.009647419999999851e-01
9.176351500000003159e-02
1.280097000000000040e-01
4.132757000000000236e-01
6.353914999999998869e-02
1.533152650000000061e-01
9.232544500000000598e-02
1.225666500000000270e-01
1.467376000000000236e-01
1.325092099999999884e-01
1.089959700000000115e-01
1.651948249999999618e-01
1.855231549999999952e-01
1.990960799999999808e-01
2.614244700000000199e-01
6.835589999999999722e-02
2.070985899999999991e-01
8.705048999999999426e-02
5.172070999999999613e-02
8.361810999999999550e-02
8.845484000000000679e-02
9.537072000000000604e-02
1.133321300000000031e-01
1.318703999999999987e-01
1.572370899999999960e-01
1.078329900000000036e-01
1.889656849999999666e-01
1.908085350000000013e-01
9.868862500000000204e-02
1.378927799999999926e-01
2.771228000000000233e-02
1.702628949999999974e-01
1.796886829999999879e-01
6.357404030000000095e-01
7.674739999999999340e-02
2.482068300000000172e-01
1.947738360000000057e-01
7.429382399999999442e-02
1.458267000000000035e-01
2.207863280000000039e-01
1.047116380000000097e-01
5.790558999999999290e-02
6.798406999999999367e-02
1.875995000000000301e-01
1.692017600000000066e-01
6.574603000000002473e-02
9.904981000000000202e-02
1.221450599999999997e-01
2.015643600000000257e-01
9.005520000000001579e-02
3.318390000000000922e-02
1.386029499999999748e-01
9.467862899999997250e-02
9.028699209999999642e-01
1.670666999999999847e-01
3.248566629999999900e-01
1.408456869999999694e-01
1.612028400000000139e-01
1.298189000000000148e-01
1.476308799999999921e-01
8.923644499999999757e-02
1.025822100000000209e-01
1.498815150000000207e-01
1.112028049999999740e-01
5.555256000000000083e-02
1.160125649999999980e-01
1.081232150000000086e-01
1.444374150000000134e-01
8.818670000000002063e-02
1.032125499999999724e-01
1.276437699999999897e-01
7.087220699999998708e-01
1.835049899999999790e-01
3.220390899999999723e-01
1.595839500000000022e-01
1.039073350000000034e-01
9.009408500000001818e-02
1.442920849999999588e-01
6.717858499999997124e-02
1.448771999999999838e-01
1.848079350000000065e-01
1.802204300000000148e-01
2.845644950000000839e-01
2.982469750000000253e-01
1.262726750000000009e-01
9.270887999999996576e-02
2.215540599999999694e-01
2.535237850000000015e-01
5.788243349999999676e-01
5.017095000000000304e-01
1.319551500000000210e-01
3.629891049999999786e-01
2.740768849999999923e-01
8.412688000000000110e-02
1.811999950000000026e-01
5.651414999999996441e-02
1.300416600000000311e-01
1.085270649999999781e-01
3.259920000000000179e-02
1.026938600000000396e-01
8.894877500000000770e-02
7.305298499999997308e-02
7.797267700000001800e-02
1.073297320000000388e-01
1.493241849999999982e-01
1.031465099999999829e-01
1.237403249999999566e-01
1.019839574999999998e+00
2.143188500000000052e-01
3.051259499999999791e-01
1.653718100000000080e-01
1.569083100000000230e-01
1.350444000000000089e-01
5.627379999999999188e-02
9.337425000000001973e-02
1.105156999999999945e-01
6.212041000000001478e-02
1.502948600000000579e-01
1.349183500000000480e-01
1.668926000000000021e-01
4.084447499999999120e-01
6.010380750000000605e-01
2.023098550000000106e-01
9.294884999999997177e-02
2.539969299999999541e-01
4.938912299999999589e-01
9.263105500000001769e-01
5.168269000000000890e-01
7.121570000000002065e-02
1.424740349999999711e-01
1.221723099999999923e-01
8.250982000000002536e-02
