FramewiseDisplacement
6.571083999999999259e-02
8.222283999999997761e-02
8.164105000000000667e-02
1.073391499999999804e-01
8.252754999999997731e-02
8.313449999999998619e-02
3.535150000000000792e-02
1.002572000000000185e-01
7.658073999999999437e-02
6.411711000000000493e-02
6.160734999999999822e-02
1.592004700000000106e-01
1.078864650000000147e-01
9.809391500000000375e-02
1.292342599999999897e-01
1.470464999999999689e-01
3.997689499999999840e-02
1.266178849999999856e-01
1.920712449999999738e-01
7.835654499999999967e-02
5.503215000000000190e-02
1.713836519999999974e-01
6.603729299999999691e-02
8.703317500000000428e-02
1.281027000000000138e-01
9.579514999999999558e-02
5.313469999999998611e-02
7.347565500000000083e-02
1.303049550000000001e-01
1.036177849999999900e-01
9.539696500000000023e-02
9.471838999999999953e-02
7.058356000000000352e-02
1.212546400000000246e-01
4.218881000000001408e-02
1.510895400000000222e-01
1.382856300000000205e-01
5.389792499999999931e-02
4.280517500000000086e-02
6.660450000000001092e-02
1.026384099999999716e-01
6.136679999999999219e-02
7.687964000000001297e-02
1.174913100000000016e-01
5.093561000000000616e-02
8.272730000000000361e-02
6.350282000000001537e-02
1.084948500000000038e-01
8.189588500000000160e-02
8.459104500000000360e-02
8.880011999999998240e-02
4.478481449999999892e-02
1.130271699999999963e-01
1.940772400000000120e-01
1.266474409999999995e-01
1.558371335000000024e-01
8.184597450000000163e-02
5.705341000000000579e-02
9.093875000000001263e-02
1.028331500000000120e-01
1.106248499999999968e-01
6.804625000000000257e-02
8.938315449999999218e-02
5.985038999999999637e-02
5.444008450000000637e-02
1.115045599999999748e-01
1.384836500000000137e-01
1.507864905000000089e-01
1.181185699999999922e-01
1.069962794999999994e-01
4.150139999999999385e-02
9.987552450000000692e-02
9.966207450000000301e-02
1.470189945000000276e-01
4.417991500000000016e-02
5.437216499999998620e-02
7.832434999999998704e-02
1.011079299999999986e-01
1.687221100000000085e-01
1.839997199999999500e-01
1.066340360000000154e-01
9.123856100000000968e-02
8.299557999999999935e-02
9.530162499999998704e-02
9.554013999999999562e-02
8.569072999999999274e-02
7.482593000000001271e-02
9.446868799999999511e-02
5.282054300000000452e-02
2.808479000000000878e-02
1.028654399999999886e-01
1.364233099999999921e-01
1.235024720000000159e-01
4.203275299999999909e-02
7.626503499999999491e-02
7.557912999999999437e-02
8.528287549999999384e-02
1.165000754999999943e-01
7.453487999999999780e-02
1.333420509999999892e-01
1.359981789999999968e-01
9.701891999999999461e-02
5.152201700000000328e-02
1.115859829999999997e-01
8.366952500000000847e-02
6.486482500000001483e-02
5.343581499999999068e-02
4.032285499999999773e-02
5.959284999999999582e-02
6.872299999999999243e-02
9.976796500000000012e-02
5.492252000000000245e-02
7.213717000000000046e-02
8.891427000000001746e-02
7.529935000000000100e-02
9.504742500000000482e-02
8.333463499999999025e-02
1.001551899999999912e-01
5.474018499999999676e-02
7.428666999999999909e-02
5.408517499999999228e-02
1.283002799999999888e-01
1.187127249999999912e-01
1.104798949999999808e-01
9.328713499999999326e-02
5.645248000000002014e-02
6.697097000000001854e-02
1.303293850000000198e-01
1.485483150000000141e-01
1.007619649999999950e-01
1.183016000000000068e-01
5.698661000000000698e-02
9.968881000000000270e-02
6.848472999999999367e-02
4.356915499999999830e-02
8.279795500000000641e-02
8.239186499999999469e-02
4.009924499999999170e-02
1.404906949999999988e-01
9.676472499999998200e-02
5.233310000000000045e-02
3.658075999999998995e-02
3.139614900000000097e-01
2.393921999999999439e-01
1.238751750000000040e-01
6.125952500000002299e-02
2.978425999999999296e-02
8.937174000000000507e-02
7.477770000000001638e-02
9.993940000000001156e-02
6.419769999999999643e-02
6.891319999999999391e-02
7.392019999999999147e-02
1.186645600000000023e-01
7.636996000000000062e-02
5.751660000000000106e-02
6.062310000000001309e-02
3.767244999999999622e-02
1.150441199999999997e-01
4.208037999999999362e-02
9.127783999999998510e-02
6.541900000000000492e-02
6.632259999999998157e-02
1.252095800000000148e-01
3.964481000000000255e-02
3.390457000000000193e-02
8.445834999999998760e-02
1.313752499999999990e-01
1.101355499999999987e-01
1.573713500000000209e-01
9.910328999999999666e-02
7.682478000000000917e-02
1.048220870000000082e-01
5.486891699999999622e-02
5.679795000000001370e-02
2.208942800000000470e-02
1.199821979999999844e-01
2.059036300000000042e-01
1.839160800000000096e-01
1.016952300000000114e-01
9.344911000000000190e-02
1.017266499999999879e-01
7.607825000000000004e-02
1.026217499999999977e-01
1.136029900000000148e-01
1.339385400000000226e-01
1.138048399999999905e-01
8.903589000000000642e-02
9.667594999999999661e-02
1.049919200000000025e-01
7.239579999999998239e-02
8.638460000000000583e-02
3.819995000000000335e-02
5.693917999999999202e-02
9.862151299999999399e-02
5.312679800000000285e-02
4.634871500000001254e-02
1.109866500000000061e-01
1.008430500000000035e-01
8.519770999999999594e-02
9.564663999999999111e-02
3.554974000000000328e-02
3.502717999999999110e-02
6.320734000000000075e-02
9.681926999999999894e-02
7.211257000000000084e-02
7.060504000000000779e-02
7.118205999999999145e-02
