FramewiseDisplacement
1.174024999999999652e-01
6.107549999999998397e-02
5.110100000000000753e-02
9.805670000000005215e-02
6.774510000000000254e-02
3.192120000000000374e-02
8.147710000000008002e-02
1.142997000000000596e-01
6.354970000000000063e-02
5.684669999999994450e-02
4.823480000000001516e-02
1.043078999999999951e-01
7.074659999999999282e-02
6.652080000000001880e-02
1.168895000000000489e-01
4.566249999999999476e-02
9.660920000000000618e-02
1.076369999999999827e-01
1.845267000000000157e-01
1.947544999999999971e-01
7.936799999999995248e-02
8.911310000000000064e-02
7.694259999999999988e-02
4.198400000000000049e-02
3.384549999999999365e-02
9.721709999999995910e-02
1.023160999999999793e-01
8.224300000000005217e-02
3.594349999999997547e-02
7.119299999999997852e-02
4.594249999999993478e-02
2.940070000000002265e-02
1.060782999999999587e-01
1.040609999999999730e-01
1.535852000000000328e-01
3.936916999999999778e-01
7.368769999999998099e-02
2.261489999999999612e-01
1.106089999999999851e-01
1.071442900000000309e-01
8.845392000000003307e-02
8.769142999999998689e-02
2.215169000000000166e-01
2.814979999999998872e-02
9.406050999999995832e-02
3.481010999999999828e-02
1.646797999999999873e-01
1.345118000000000147e-01
2.975250799999999973e-01
2.599324199999999974e-01
9.009044000000002161e-02
6.749360000000000082e-02
2.968779999999996908e-02
5.149820000000002174e-02
3.150509999999997340e-02
9.810109999999999664e-02
1.744603000000000126e-01
4.145427999999999891e-01
1.172249999999999959e-01
1.147536000000000111e-01
4.235139999999999044e-02
1.105285999999999769e-01
5.564960000000002821e-02
5.326859999999997847e-02
6.890910000000000091e-02
8.221140000000001780e-02
2.247787999999999731e-01
1.686549999999999994e-01
9.137399999999999689e-02
5.365699999999998249e-02
7.922989999999999200e-02
1.069000000000000089e-01
8.540989999999998306e-02
1.347869500000000165e-01
9.587004999999998445e-02
4.930129999999999929e-02
1.214910500000000171e-01
7.446580000000001254e-02
5.374815000000000148e-02
3.416605000000000336e-02
8.451225000000001097e-02
4.425010000000000054e-02
6.979929999999999468e-02
6.460910000000000264e-02
5.862625000000000475e-02
7.490503999999999218e-02
4.194320000000001381e-02
3.082744999999999930e-02
5.612716000000000927e-02
8.519965000000000177e-02
1.732188000000000061e-01
1.100460000000000049e-01
1.647422799999999909e-01
6.305181999999999454e-02
3.832900999999999669e-02
9.079093000000000580e-02
5.778308749999999661e-02
1.655363750000000272e-02
4.504468700000000686e-02
4.153039700000001055e-02
2.882824999999999277e-02
5.817769999999999886e-02
9.217978999999999756e-02
1.190059326000000028e-01
1.171609674000000101e-01
4.735599999999999532e-02
7.113008999999999304e-02
1.124061799999999944e-01
6.572561000000000375e-02
5.175699000000000272e-02
1.214986899999999925e-01
7.193576000000001525e-02
4.207371499999999764e-02
2.810737999999999778e-02
6.050176499999999902e-02
3.680127499999999441e-02
2.460494000000000223e-02
4.197418499999999719e-02
7.448164999999999647e-02
5.468966999999999579e-02
7.626961999999999631e-02
3.342330000000000301e-02
4.380690000000000972e-02
5.823959999999999554e-02
4.165479999999999183e-02
4.243004999999999693e-02
5.322470000000000673e-02
1.521332399999999752e-01
1.643653100000000145e-01
1.341866800000000026e-01
1.717052500000000037e-01
1.007314149999999908e-01
1.070709350000000337e-01
1.026926999999999840e-01
1.800464999999997970e-02
2.693015050000001354e-02
4.492516950000001452e-02
1.397053150000000243e-01
3.270292299999998098e-02
9.604291199999998030e-02
1.962740999999999791e-02
8.750135000000000551e-02
5.207179999999998754e-02
4.838670000000000471e-02
1.500920999999999783e-01
7.305179999999998619e-02
6.121650000000000008e-02
3.093415000000000747e-02
9.117875000000000285e-02
8.273924999999998642e-02
3.891769999999997176e-02
9.784239000000000130e-02
5.480684000000001638e-02
3.502210499999999782e-01
9.293229999999999547e-02
8.051180000000003611e-02
8.630739999999999246e-02
8.743140000000000633e-02
5.755470000000000030e-02
5.239389999999998632e-02
8.850300000000002609e-02
3.571299999999998781e-02
1.046516999999999864e-01
1.275446999999999831e-01
1.043574500000000044e-01
7.214424999999997923e-02
1.143525499999999973e-01
1.599890999999999952e-01
1.269808999999999521e-01
1.367922499999999764e-01
6.136519999999997393e-02
3.578389999999998655e-02
4.544859999999999872e-02
3.546290000000002635e-02
5.463569999999998150e-02
5.841390000000003246e-02
1.020480000000002080e-02
4.200230000000002017e-02
2.546730000000001909e-02
8.529490000000000682e-02
8.786969999999999503e-02
3.825079999999998759e-02
6.016425000000001633e-02
9.165634999999999755e-02
1.936423999999999646e-01
6.635075899999999249e-01
6.471065099999999681e-01
2.698876000000000608e-01
5.260844000000000076e-01
1.371646784999999980e-01
2.059696784999999197e-01
1.568402500000000144e-01
1.286263000000000822e-01
8.779559999999997366e-02
6.792940999999998175e-02
1.311279600000000156e-01
6.872196499999999597e-02
3.709046500000000995e-02
9.934692500000004423e-02
3.448295999999998612e-02
7.846084999999998477e-02
5.889153499999999486e-02
9.256754999999994293e-02
6.693400000000003514e-02
3.188433500000002752e-02
5.246065999999998536e-02
5.259022500000005290e-02
7.546042000000002803e-02
